date,search_keyword,title,content,url,publish_time,comment_count,matched_keywords,title_matched,content_matched,collected_at
2025-09-03,환율,"환율, 위험회피 심리에 상승…1.3원 오른 1,392.3원","환율, 위험회피 심리에 상승…1.3원 오른 1,392.3원(서울=연합뉴스) 서대연 기자 = 3일 서울 중구 하나은행 본점 딜링룸 현황판에 코스피, 원/달러 환율, 코스닥 지수가 표시돼 있다.이날 코스피는 전 거래일 대비 12.07p(0.38%) 오른 3,184.42로, 코스닥 지수는 전장보다 2.81p(0.35%) 오른 796.81로 마감했다. 원/달러 환율 주간 거래 종가(오후 3시 30분 기준)는 전날보다 1.3원 오른 1,392.3원을 기록했다. 2025.9.3 dwise@yna.co.kr(서울=연합뉴스) 민선희 기자 = 원/달러 환율은 3일 위험회피 심리 고조에 상승했다.이날 서울 외환시장에서 미국 달러화 대비 원화 환율의 주간 거래 종가(오후 3시30분 기준)는 전일보다 1.3원 오른 1,392.3원이다.환율은 전날보다 4.2원 상승한 1,395.2원으로 출발한 뒤 장 초반 1,396.4원까지 올랐다가 점차 오름폭을 줄였다.달러는 이날 강세를 나타냈다. 주요 6개국 통화 대비 달러 가치를 나타내는 달러인덱스는 전일보다 0.57% 오른 98.391이다.영국, 프랑스 등 유럽 재정 건전성 우려와 일본 정치적 불확실성 확대 여파에 위험회피 심리가 고조됐다.외국인 투자자의 국내 주식 순매수는 이날 환율에 하락 압력으로 작용했다.코스피는 전일보다 12.07포인트(0.38%) 오른 3,184.42로 장을 마쳤다. 외국인은 이날 유가증권시장에서 약 4천359억원을 순매수했다.오후 3시 30분 기준 원/엔 재정환율은 100엔당 937.17원이다. 전일 오후 3시30분 기준가(939.90원)보다 2.73원 내렸다.엔/달러 환율은 0.39% 오른 148.566엔이다.ssun@yna.co.kr",https://n.news.naver.com/mnews/article/001/0015603521?sid=101,2025-09-03,0,"재정환율, 환율, 외환, 달러인덱스",환율,"환율, 재정환율, 외환, 달러인덱스",2025-09-04T11:44:11.553472
2025-09-03,환율,"우리금융경영연구소 ""美 연준 이달 금리 내릴 것…환율 소폭 하락 전망...","[(연합뉴스 자료사진)]우리금융경영연구소는 미국이 이달 기준금리를 인하하면서 달러-원 환율도 소폭 하락할 것으로 전망된다고 오늘(3일) 밝혔습니다.연구소는 보고서에서 ""미 연방준비제도(Fed)는 고용 부진, 물가 상승 우려 완화 등을 고려해 오는 16~17일 연방공개시장위원회(FOMC)에서 기준금리를 0.25%포인트(p) 인하할 것""이라고 내다봤습니다.이어 ""환율은 트럼프 관세 불확실성 완화, 연준의 금리 인하 기대, 유로화와 엔화의 재반등 가능성 등으로 달러가 약세를 보이며 소폭 하락할 것""이라고 분석했습니다.이달 말 환율은 1385원 수준으로 전망했습니다.또한, 연구소는 ""국내 증시 변동성이 확대될 것""이라며 코스피 지수가 지난달 말 3186에서 이달 말 3280으로 소폭 상승할 것으로 예상했습니다. 연구소는 미국 금리 인하 기대, 국내 기업들이 실적 개선, 반도체 수출 호조 등을 이유로 꼽았습니다.당신의 제보가 뉴스로 만들어집니다.SBS Biz는 여러분의 제보를 기다리고 있습니다.홈페이지 = https://url.kr/9pghjn",https://n.news.naver.com/mnews/article/374/0000461082?sid=101,2025-09-03,0,환율,환율,환율,2025-09-04T11:44:13.719007
2025-09-03,환율,"환율, 주요국 재정·정치 불안에 상승…1390원대 중반","달러[연합뉴스 자료사진](서울=연합뉴스) 민선희 기자 = 원/달러 환율은 3일 주요국 재정·정치 불안에 장 초반 상승했다.이날 서울 외환시장에서 미국 달러화 대비 원화 환율은 오전 9시 15분 현재 전일 주간 거래 종가(오후 3시30분 기준)보다 4.8원 오른 1,395.8원이다.환율은 전날보다 4.2원 상승한 1,395.2원으로 출발한 뒤 비슷한 수준에서 움직이고 있다.달러는 간밤 영국, 프랑스 등 유럽 재정 건전성 우려와 일본 정치적 불확실성 확대 영향으로 강세를 나타냈다.주요 6개국 통화 대비 달러 가치를 나타내는 달러인덱스는 전일보다 0.61% 오른 98.427이다.다만 수출업체 매도물량 유입 가능성은 환율 상승 폭을 제한할 수 있는 요인이다.같은 시각 원/엔 재정환율은 100엔당 939.53원으로, 전일 오후 3시30분 기준가(939.90원)보다 0.37원 내렸다.엔/달러 환율은 0.40% 오른 148.577이다.ssun@yna.co.kr",https://n.news.naver.com/mnews/article/001/0015601862?sid=101,2025-09-03,0,"재정환율, 환율, 외환, 달러인덱스",환율,"환율, 재정환율, 외환, 달러인덱스",2025-09-04T11:44:15.965095
2025-09-03,재정환율,"환율, 위험회피 심리에 상승…1.3원 오른 1,392.3원","환율, 위험회피 심리에 상승…1.3원 오른 1,392.3원(서울=연합뉴스) 서대연 기자 = 3일 서울 중구 하나은행 본점 딜링룸 현황판에 코스피, 원/달러 환율, 코스닥 지수가 표시돼 있다.이날 코스피는 전 거래일 대비 12.07p(0.38%) 오른 3,184.42로, 코스닥 지수는 전장보다 2.81p(0.35%) 오른 796.81로 마감했다. 원/달러 환율 주간 거래 종가(오후 3시 30분 기준)는 전날보다 1.3원 오른 1,392.3원을 기록했다. 2025.9.3 dwise@yna.co.kr(서울=연합뉴스) 민선희 기자 = 원/달러 환율은 3일 위험회피 심리 고조에 상승했다.이날 서울 외환시장에서 미국 달러화 대비 원화 환율의 주간 거래 종가(오후 3시30분 기준)는 전일보다 1.3원 오른 1,392.3원이다.환율은 전날보다 4.2원 상승한 1,395.2원으로 출발한 뒤 장 초반 1,396.4원까지 올랐다가 점차 오름폭을 줄였다.달러는 이날 강세를 나타냈다. 주요 6개국 통화 대비 달러 가치를 나타내는 달러인덱스는 전일보다 0.57% 오른 98.391이다.영국, 프랑스 등 유럽 재정 건전성 우려와 일본 정치적 불확실성 확대 여파에 위험회피 심리가 고조됐다.외국인 투자자의 국내 주식 순매수는 이날 환율에 하락 압력으로 작용했다.코스피는 전일보다 12.07포인트(0.38%) 오른 3,184.42로 장을 마쳤다. 외국인은 이날 유가증권시장에서 약 4천359억원을 순매수했다.오후 3시 30분 기준 원/엔 재정환율은 100엔당 937.17원이다. 전일 오후 3시30분 기준가(939.90원)보다 2.73원 내렸다.엔/달러 환율은 0.39% 오른 148.566엔이다.ssun@yna.co.kr",https://n.news.naver.com/mnews/article/001/0015603521?sid=101,2025-09-03,0,"재정환율, 환율, 외환, 달러인덱스",환율,"환율, 재정환율, 외환, 달러인덱스",2025-09-04T11:44:30.969971
2025-09-03,재정환율,"원/달러 환율, 장 초반 상승...주요국 재정·정치 불안 영향","달러[연합뉴스 자료사진](서울=연합뉴스) 민선희 기자 = 원/달러 환율은 3일 주요국 재정·정치 불안에 장 초반 상승했다.이날 서울 외환시장에서 미국 달러화 대비 원화 환율은 오전 9시 15분 현재 전일 주간 거래 종가(오후 3시30분 기준)보다 4.8원 오른 1,395.8원이다.환율은 전날보다 4.2원 상승한 1,395.2원으로 출발한 뒤 비슷한 수준에서 움직이고 있다.달러는 간밤 영국, 프랑스 등 유럽 재정 건전성 우려와 일본 정치적 불확실성 확대 영향으로 강세를 나타냈다.주요 6개국 통화 대비 달러 가치를 나타내는 달러인덱스는 전일보다 0.61% 오른 98.427이다.다만 수출업체 매도물량 유입 가능성은 환율 상승 폭을 제한할 수 있는 요인이다.같은 시각 원/엔 재정환율은 100엔당 939.53원으로, 전일 오후 3시30분 기준가(939.90원)보다 0.37원 내렸다.엔/달러 환율은 0.40% 오른 148.577이다.ssun@yna.co.kr",https://n.news.naver.com/mnews/article/001/0015601862?sid=101,2025-09-03,0,"재정환율, 환율, 외환, 달러인덱스",환율,"환율, 재정환율, 외환, 달러인덱스",2025-09-04T11:44:33.199512
2025-09-03,재정환율,"美 석학 옵스펠드 ""韓 확장재정, 생산성 높인다면 좋은 효과 거둘 것""","韓 GDP 대비 적자 비율 양호재정 증가 요인은 ""주의해야""美 관세 협상 이후 상황 우려환율 등 새로운 요구 가능성국제 협력, 무역 무대 넓혀야中 경제 협력 필요성도 제기""적자라고 항상 나쁜 건 아니다. 만약 추가적인 재정 지출이 생산성 제고와 그에 따른 성장률 제고를 위해 활용된다면 분명 좋은 효과를 가져올 것이다.""모리스 옵스펠드 미국 피터슨 국제경제연구소 선임연구위원은 3일 서울 중구 더플라자호텔에서 열린 '2025 G20 글로벌 금융안정 콘퍼런스' 기자회견에 참석해 이처럼 말했다. 정부가 확장 재정 기조로 전환하면서 부채 우려가 커지는 것과 관련해""경제 주요 부문에 투자하거나 구조 개혁을 통해 성장률을 높이면 재정 부담의 지속 가능성을 높일 수 있다""고 설명했다.모리스 옵스펠드 미국 피터슨 국제경제연구소 선임연구위원(미 UC버클리대 경제학 명예교수)이 3일 서울 중구 더플라자호텔에서 열린 '2025 G20 글로벌 금융안정 컨퍼런스' 기자회견에서 말하고 있다. 한국개발연구원(KDI)옵스펠드 위원은 ""사실 더 중요한 질문은 (재정) 자원들이 잘 사용되느냐는 문제""라며 ""제대로 된 목표를 설정하고 목표를 위해 효율적으로 자원을 활용하는 것이 매우 중요하다""고 짚었다. 그러면서 ""정부가 신중하게, 목적에 맞게 자원을 활용할 필요가 있다""며 ""이 모든 것이 잘 진행된다면 리스크를 피할 수 있지만 그렇지 않으면 리스크가 계속해서 높아질 것""이라고 했다.옵스펠드 위원은 내년에 처음으로 50%를 넘어가는 한국의 국내총생산(GDP) 대비 부채 비율을 두고""여타 경제협력개발기구(OECD) 국가와 비교해보면 한국은 양호한 수준""이라고 평가했다.다만 ""한국의 급격한 고령화로 고령층 재정 지원이 계속 늘어날 것""을 우려했다. 또 글로벌 금리 인상에 따른 이자 부담 증가도 부정 요인으로 꼽았다. 그러면서 ""오늘 양호하다고 해서 위험 요소가 없는 것은 아니기에 계속해서 주의하는 자세가 필요하다""고 했다.한국이 일본처럼 장기 불황 초입에 들어선 것 아니냐는 전망이 나오는 것과 관련해서는 ""(일본의 과거 상황과 비교해) 한국은 나은 상황이기에 디플레이션을 꼭 맞이할 것이라 생각하지 않는다""고 말했다. 그는 ""얼마 전 이재명 대통령이 규제 완화와 잠재 성장력 높이기 위한 정책 논의를 한 것으로 안다""며 ""모든 정책을 신중하게 시행하면 위험 요소를 피할 수 있을 것""이라고 했다.한미 관세 협상 결과와 관련해서는 ""진정한 의미의 합의인지를 다시 생각해봐야 한다""고 짚었다. ""합의 내용 해석이 다를 수 있다""고 우려하기도 했다.그는 ""(대미 투자 펀드 실행과 관련해) 세부 내용이 없는 상황에서 미국 협상 스타일을 봤을 때 앞으로 문제 상황이 충분히 발생할 수 있다""고 예상했다. 양국 관계에 부정적인 영향을 미칠 것이라고도 했다.옵스펠드 위원은 미국이 이번 협상에 그치지 않고 추가적인 요구를 할 수 있을 것이라며 ""그 목적 중 하나가 환율""이라고 설명했다. 그는 ""미국이 고관세를 한국에 적용하면 한화 가치는 떨어진다""며 ""하지만 미국은 원화 가치가 오르기를 바라고 있을 것""이라고 했다. 또""원화 가치가 지난 1월과 비교해 지금까지 10% 정도 하락을 했고 계속 하락할 것""이라고 내다보기도 했다.중국과의 관계 설정 과정에서 경제와 안보 사이에서일방적인 선택을 하는 것에는 우려 입장을 밝혔다.옵스펠드 위원은 ""중국은 큰 무역 파트너""라며 ""중국과 무역 관계가 틀어지면 한국 경제는 분명 큰 대가를 치를 것""이라고 말했다. 이어 ""무역 관계에 있다고 해서 관계가 항상 평화로울 것이라는 뜻은 아니다""며 ""무역 관계조차 없다면 지정학 갈등 가능성은 더 커진다""고 덧붙였다.옵스펠드 위원은 미국이 앞으로 국제 사회에서 ""자신의 존재감을 줄여갈 것""이라고 전망했다. 글로벌 안보와 보건, 기후 등의 공공재를 형성하는 과정에서 미국이 더 이상 리더 역할을 맡지 않을 것으로 내다봤다.또 ""(미국 외 국가들이) 역내 구성원끼리 관계를 돈독하게 하는 것은 미국발 충격에서 스스로를 보호하는 데 도움이 될 뿐 아니라 더 많은 공공재를 제공하게 한다""고 했다.한국이 국제 협력",https://n.news.naver.com/mnews/article/277/0005646413?sid=101,2025-09-03,0,환율,,환율,2025-09-04T11:44:35.457649
2025-09-03,스프레드,캐시닥 용돈퀴즈 정답 9월 3일 [단독],"소비패턴 변화에 실적부진…하인즈 케첩 등 소스 부문 분사 방침하인즈 케첩[AP 연합뉴스 자료사진. 재판매 및 DB 금지](뉴욕=연합뉴스) 이지헌 특파원 = 미국의 식품 대기업 크래프트 하인즈가 사업 효율화를 위해 사업 부문을 2개 상장 법인으로 분사한다고 2일(현지시간) 밝혔다.회사 발표에 따르면 분사된 법인 중 한 곳은 소스, 스프레드, 조미료 제품 등 '맛의 격상'에 집중하는 제품군에 사업 역량을 모을 예정이다.이 법인에는 하인즈 케첩, 필라델피아 크림치즈, 크래프트 맥앤치즈 등 회사의 대표 브랜드가 포함될 계획이다.다른 법인은 오스카 마이어, 크래프트 싱글즈, 런처블 등 북미 식료품 사업에 집중할 예정이라고 회사 측은 설명했다.크래프트 하인즈는 ""이번 분사는 사업의 복잡성은 줄이면서 회사의 역량과 브랜드 가치를 극대화하도록 설계됐다""며 ""이를 통해 두 회사가 고유한 전략적 우선 순위에 맞게 효과적으로 자원을 배분할 수 있을 것""이라고 밝혔다.크래프트 하인즈는 2015년 식품업체 크래프트와 '케첩의 원조' 하인즈의 합병으로 탄생한 회사다.'투자의 귀재' 워런 버핏이 이끄는 버크셔 해서웨이(이하 버크셔)가 합병 과정을 주도했다. 버크셔는 이 회사 지분 27.5%를 보유한 최대 주주다.그러나 크래프트 하인즈는 건강에 관심이 높아진 미국 소비자들이 포장된 가공식품 대신 덜 가공된 식품을 찾기 시작하면서 합병 이후 오랜 기간 실적 부진을 겪어왔다.이 때문에 크래프트 하인즈는 버핏의 대표적인 투자 실패 사례로 거론돼왔으며, 월가 안팎에선 크래프트 하인즈가 소비자 식습관 변화를 반영해 부진한 식료품 사업 부문을 분사할 필요가 있다는 주장이 끊임없이 제기돼왔다.앞서 켈로그도 2023년 스낵 사업을 별도 법인으로 분사해 시리얼 제조사 'WK 켈로그'와 스낵 제조사 '켈라노바' 두 개의 회사로 분리한 바 있다.한편 버핏은 크래프트 하인즈 이사회의 분사 결정에 실망감을 표했다고 CNBC 방송이 보도했다.버핏은 과거 크래프트와 하인즈의 합병이 현명한 생각이 아니었던 것으로 판명됐지만, 그렇다고 해서 회사를 분사하는 것으로 문제를 해결할 수 없을 것이라고 언급했다고 CNBC는 전했다.내년부터 버크셔를 이끌 예정인 버핏의 후계자 그레그 에이블 부회장도 크래프트 하인즈에 실망감을 표했다고 이 방송은 전했다.pan@yna.co.kr",https://n.news.naver.com/mnews/article/001/0015601435?sid=101,2025-09-03,0,스프레드,,스프레드,2025-09-04T11:44:41.036348
2025-09-03,스프레드,G라이브 캐시닥·타임스프레드·지니어트 용돈퀴즈 정답(9월3일),"소비패턴 변화에 실적부진…하인즈 케첩 등 소스 부문 분사 방침하인즈 케첩[AP 연합뉴스 자료사진. 재판매 및 DB 금지](뉴욕=연합뉴스) 이지헌 특파원 = 미국의 식품 대기업 크래프트 하인즈가 사업 효율화를 위해 사업 부문을 2개 상장 법인으로 분사한다고 2일(현지시간) 밝혔다.회사 발표에 따르면 분사된 법인 중 한 곳은 소스, 스프레드, 조미료 제품 등 '맛의 격상'에 집중하는 제품군에 사업 역량을 모을 예정이다.이 법인에는 하인즈 케첩, 필라델피아 크림치즈, 크래프트 맥앤치즈 등 회사의 대표 브랜드가 포함될 계획이다.다른 법인은 오스카 마이어, 크래프트 싱글즈, 런처블 등 북미 식료품 사업에 집중할 예정이라고 회사 측은 설명했다.크래프트 하인즈는 ""이번 분사는 사업의 복잡성은 줄이면서 회사의 역량과 브랜드 가치를 극대화하도록 설계됐다""며 ""이를 통해 두 회사가 고유한 전략적 우선 순위에 맞게 효과적으로 자원을 배분할 수 있을 것""이라고 밝혔다.크래프트 하인즈는 2015년 식품업체 크래프트와 '케첩의 원조' 하인즈의 합병으로 탄생한 회사다.'투자의 귀재' 워런 버핏이 이끄는 버크셔 해서웨이(이하 버크셔)가 합병 과정을 주도했다. 버크셔는 이 회사 지분 27.5%를 보유한 최대 주주다.그러나 크래프트 하인즈는 건강에 관심이 높아진 미국 소비자들이 포장된 가공식품 대신 덜 가공된 식품을 찾기 시작하면서 합병 이후 오랜 기간 실적 부진을 겪어왔다.이 때문에 크래프트 하인즈는 버핏의 대표적인 투자 실패 사례로 거론돼왔으며, 월가 안팎에선 크래프트 하인즈가 소비자 식습관 변화를 반영해 부진한 식료품 사업 부문을 분사할 필요가 있다는 주장이 끊임없이 제기돼왔다.앞서 켈로그도 2023년 스낵 사업을 별도 법인으로 분사해 시리얼 제조사 'WK 켈로그'와 스낵 제조사 '켈라노바' 두 개의 회사로 분리한 바 있다.한편 버핏은 크래프트 하인즈 이사회의 분사 결정에 실망감을 표했다고 CNBC 방송이 보도했다.버핏은 과거 크래프트와 하인즈의 합병이 현명한 생각이 아니었던 것으로 판명됐지만, 그렇다고 해서 회사를 분사하는 것으로 문제를 해결할 수 없을 것이라고 언급했다고 CNBC는 전했다.내년부터 버크셔를 이끌 예정인 버핏의 후계자 그레그 에이블 부회장도 크래프트 하인즈에 실망감을 표했다고 이 방송은 전했다.pan@yna.co.kr",https://n.news.naver.com/mnews/article/001/0015601435?sid=101,2025-09-03,0,스프레드,스프레드,스프레드,2025-09-04T11:44:43.206371
2025-09-03,스프레드,"크래프트 하인즈, 2개 법인으로 분사…워런 버핏 ""실망""","소비패턴 변화에 실적부진…하인즈 케첩 등 소스 부문 분사 방침하인즈 케첩[AP 연합뉴스 자료사진. 재판매 및 DB 금지](뉴욕=연합뉴스) 이지헌 특파원 = 미국의 식품 대기업 크래프트 하인즈가 사업 효율화를 위해 사업 부문을 2개 상장 법인으로 분사한다고 2일(현지시간) 밝혔다.회사 발표에 따르면 분사된 법인 중 한 곳은 소스, 스프레드, 조미료 제품 등 '맛의 격상'에 집중하는 제품군에 사업 역량을 모을 예정이다.이 법인에는 하인즈 케첩, 필라델피아 크림치즈, 크래프트 맥앤치즈 등 회사의 대표 브랜드가 포함될 계획이다.다른 법인은 오스카 마이어, 크래프트 싱글즈, 런처블 등 북미 식료품 사업에 집중할 예정이라고 회사 측은 설명했다.크래프트 하인즈는 ""이번 분사는 사업의 복잡성은 줄이면서 회사의 역량과 브랜드 가치를 극대화하도록 설계됐다""며 ""이를 통해 두 회사가 고유한 전략적 우선 순위에 맞게 효과적으로 자원을 배분할 수 있을 것""이라고 밝혔다.크래프트 하인즈는 2015년 식품업체 크래프트와 '케첩의 원조' 하인즈의 합병으로 탄생한 회사다.'투자의 귀재' 워런 버핏이 이끄는 버크셔 해서웨이(이하 버크셔)가 합병 과정을 주도했다. 버크셔는 이 회사 지분 27.5%를 보유한 최대 주주다.그러나 크래프트 하인즈는 건강에 관심이 높아진 미국 소비자들이 포장된 가공식품 대신 덜 가공된 식품을 찾기 시작하면서 합병 이후 오랜 기간 실적 부진을 겪어왔다.이 때문에 크래프트 하인즈는 버핏의 대표적인 투자 실패 사례로 거론돼왔으며, 월가 안팎에선 크래프트 하인즈가 소비자 식습관 변화를 반영해 부진한 식료품 사업 부문을 분사할 필요가 있다는 주장이 끊임없이 제기돼왔다.앞서 켈로그도 2023년 스낵 사업을 별도 법인으로 분사해 시리얼 제조사 'WK 켈로그'와 스낵 제조사 '켈라노바' 두 개의 회사로 분리한 바 있다.한편 버핏은 크래프트 하인즈 이사회의 분사 결정에 실망감을 표했다고 CNBC 방송이 보도했다.버핏은 과거 크래프트와 하인즈의 합병이 현명한 생각이 아니었던 것으로 판명됐지만, 그렇다고 해서 회사를 분사하는 것으로 문제를 해결할 수 없을 것이라고 언급했다고 CNBC는 전했다.내년부터 버크셔를 이끌 예정인 버핏의 후계자 그레그 에이블 부회장도 크래프트 하인즈에 실망감을 표했다고 이 방송은 전했다.pan@yna.co.kr",https://n.news.naver.com/mnews/article/001/0015601435?sid=101,2025-09-03,0,스프레드,,스프레드,2025-09-04T11:44:45.407796
2025-09-03,거래위험,"환율, 위험회피 심리에 상승…1.3원 오른 1,392.3원","환율, 위험회피 심리에 상승…1.3원 오른 1,392.3원(서울=연합뉴스) 서대연 기자 = 3일 서울 중구 하나은행 본점 딜링룸 현황판에 코스피, 원/달러 환율, 코스닥 지수가 표시돼 있다.이날 코스피는 전 거래일 대비 12.07p(0.38%) 오른 3,184.42로, 코스닥 지수는 전장보다 2.81p(0.35%) 오른 796.81로 마감했다. 원/달러 환율 주간 거래 종가(오후 3시 30분 기준)는 전날보다 1.3원 오른 1,392.3원을 기록했다. 2025.9.3 dwise@yna.co.kr(서울=연합뉴스) 민선희 기자 = 원/달러 환율은 3일 위험회피 심리 고조에 상승했다.이날 서울 외환시장에서 미국 달러화 대비 원화 환율의 주간 거래 종가(오후 3시30분 기준)는 전일보다 1.3원 오른 1,392.3원이다.환율은 전날보다 4.2원 상승한 1,395.2원으로 출발한 뒤 장 초반 1,396.4원까지 올랐다가 점차 오름폭을 줄였다.달러는 이날 강세를 나타냈다. 주요 6개국 통화 대비 달러 가치를 나타내는 달러인덱스는 전일보다 0.57% 오른 98.391이다.영국, 프랑스 등 유럽 재정 건전성 우려와 일본 정치적 불확실성 확대 여파에 위험회피 심리가 고조됐다.외국인 투자자의 국내 주식 순매수는 이날 환율에 하락 압력으로 작용했다.코스피는 전일보다 12.07포인트(0.38%) 오른 3,184.42로 장을 마쳤다. 외국인은 이날 유가증권시장에서 약 4천359억원을 순매수했다.오후 3시 30분 기준 원/엔 재정환율은 100엔당 937.17원이다. 전일 오후 3시30분 기준가(939.90원)보다 2.73원 내렸다.엔/달러 환율은 0.39% 오른 148.566엔이다.ssun@yna.co.kr",https://n.news.naver.com/mnews/article/001/0015603521?sid=101,2025-09-03,0,"재정환율, 환율, 외환, 달러인덱스",환율,"환율, 재정환율, 외환, 달러인덱스",2025-09-04T11:44:51.070046
2025-09-03,선물환,"원·달러 환율, 3.61원 내린 1393.29원 출발 전망","◆…사진=클립아트코리아 제공키움증권은 3일 차액결제선물환(NDF) 1개월물이 1393.29원으로 3.61원 하락 출발할 것으로 전망했다.미 달러화는 미국 ISM제조업지수가 시장 예상보다 부진했음에도 불구하고 영국과 일본의 정치 불확실성으로 주요 통화가 약세를 보이면서 상승했다.미국의 8월 ISM제조업지수는 48.7로 전월(48.0)보다 개선됐으나 시장 예상치(49.0)는 밑돌았다. 여전히 기준선(50)을 하회하면서 제조업 경기 둔화 우려는 지속됐다.그러나 영국에서는 30년물 국채금리가 상승하면서 재정 건전성에 대한 우려가 커졌고 이에 따라 파운드화가 약세를 나타냈다. 또한 일본에서는 집권 여당인 자민당 간사장이 사임 의사를 밝히며 정치적 불확실성이 확대되자 엔화가 달러 대비 하락했다.김유미 키움증권 연구원은 ""원·달러 환율은 하락 출발할 것으로 예상하나 달러 반등 등을 고려할 때 추가 하락은 제한적일 전망""라고 설명했다.",https://n.news.naver.com/mnews/article/123/0002367240?sid=101,2025-09-03,0,"선물환, NDF, 환율",환율,"환율, 선물환, NDF",2025-09-04T11:45:46.024702
2025-09-03,선물환,"원·달러 NDF 1393.2/1393.6원, 5.0원 상승..파운드발 달러강세","◆…사진=클립아트코리아 제공키움증권은 3일 차액결제선물환(NDF) 1개월물이 1393.29원으로 3.61원 하락 출발할 것으로 전망했다.미 달러화는 미국 ISM제조업지수가 시장 예상보다 부진했음에도 불구하고 영국과 일본의 정치 불확실성으로 주요 통화가 약세를 보이면서 상승했다.미국의 8월 ISM제조업지수는 48.7로 전월(48.0)보다 개선됐으나 시장 예상치(49.0)는 밑돌았다. 여전히 기준선(50)을 하회하면서 제조업 경기 둔화 우려는 지속됐다.그러나 영국에서는 30년물 국채금리가 상승하면서 재정 건전성에 대한 우려가 커졌고 이에 따라 파운드화가 약세를 나타냈다. 또한 일본에서는 집권 여당인 자민당 간사장이 사임 의사를 밝히며 정치적 불확실성이 확대되자 엔화가 달러 대비 하락했다.김유미 키움증권 연구원은 ""원·달러 환율은 하락 출발할 것으로 예상하나 달러 반등 등을 고려할 때 추가 하락은 제한적일 전망""라고 설명했다.",https://n.news.naver.com/mnews/article/123/0002367240?sid=101,2025-09-03,0,"선물환, NDF, 환율",NDF,"환율, 선물환, NDF",2025-09-04T11:45:48.280083
2025-09-03,선물환,"NDF, 1,393.20/ 1,393.60원…5.00원↑","◆…사진=클립아트코리아 제공키움증권은 3일 차액결제선물환(NDF) 1개월물이 1393.29원으로 3.61원 하락 출발할 것으로 전망했다.미 달러화는 미국 ISM제조업지수가 시장 예상보다 부진했음에도 불구하고 영국과 일본의 정치 불확실성으로 주요 통화가 약세를 보이면서 상승했다.미국의 8월 ISM제조업지수는 48.7로 전월(48.0)보다 개선됐으나 시장 예상치(49.0)는 밑돌았다. 여전히 기준선(50)을 하회하면서 제조업 경기 둔화 우려는 지속됐다.그러나 영국에서는 30년물 국채금리가 상승하면서 재정 건전성에 대한 우려가 커졌고 이에 따라 파운드화가 약세를 나타냈다. 또한 일본에서는 집권 여당인 자민당 간사장이 사임 의사를 밝히며 정치적 불확실성이 확대되자 엔화가 달러 대비 하락했다.김유미 키움증권 연구원은 ""원·달러 환율은 하락 출발할 것으로 예상하나 달러 반등 등을 고려할 때 추가 하락은 제한적일 전망""라고 설명했다.",https://n.news.naver.com/mnews/article/123/0002367240?sid=101,2025-09-03,0,"선물환, NDF, 환율",NDF,"환율, 선물환, NDF",2025-09-04T11:45:50.462116
2025-09-03,NDF,"원·달러 NDF 1393.2/1393.6원, 5.0원 상승..파운드발 달러강세","◆…사진=클립아트코리아 제공키움증권은 3일 차액결제선물환(NDF) 1개월물이 1393.29원으로 3.61원 하락 출발할 것으로 전망했다.미 달러화는 미국 ISM제조업지수가 시장 예상보다 부진했음에도 불구하고 영국과 일본의 정치 불확실성으로 주요 통화가 약세를 보이면서 상승했다.미국의 8월 ISM제조업지수는 48.7로 전월(48.0)보다 개선됐으나 시장 예상치(49.0)는 밑돌았다. 여전히 기준선(50)을 하회하면서 제조업 경기 둔화 우려는 지속됐다.그러나 영국에서는 30년물 국채금리가 상승하면서 재정 건전성에 대한 우려가 커졌고 이에 따라 파운드화가 약세를 나타냈다. 또한 일본에서는 집권 여당인 자민당 간사장이 사임 의사를 밝히며 정치적 불확실성이 확대되자 엔화가 달러 대비 하락했다.김유미 키움증권 연구원은 ""원·달러 환율은 하락 출발할 것으로 예상하나 달러 반등 등을 고려할 때 추가 하락은 제한적일 전망""라고 설명했다.",https://n.news.naver.com/mnews/article/123/0002367240?sid=101,2025-09-03,0,"선물환, NDF, 환율",NDF,"환율, 선물환, NDF",2025-09-04T11:45:56.072571
2025-09-03,NDF,"NDF, 1,393.20/ 1,393.60원…5.00원↑","◆…사진=클립아트코리아 제공키움증권은 3일 차액결제선물환(NDF) 1개월물이 1393.29원으로 3.61원 하락 출발할 것으로 전망했다.미 달러화는 미국 ISM제조업지수가 시장 예상보다 부진했음에도 불구하고 영국과 일본의 정치 불확실성으로 주요 통화가 약세를 보이면서 상승했다.미국의 8월 ISM제조업지수는 48.7로 전월(48.0)보다 개선됐으나 시장 예상치(49.0)는 밑돌았다. 여전히 기준선(50)을 하회하면서 제조업 경기 둔화 우려는 지속됐다.그러나 영국에서는 30년물 국채금리가 상승하면서 재정 건전성에 대한 우려가 커졌고 이에 따라 파운드화가 약세를 나타냈다. 또한 일본에서는 집권 여당인 자민당 간사장이 사임 의사를 밝히며 정치적 불확실성이 확대되자 엔화가 달러 대비 하락했다.김유미 키움증권 연구원은 ""원·달러 환율은 하락 출발할 것으로 예상하나 달러 반등 등을 고려할 때 추가 하락은 제한적일 전망""라고 설명했다.",https://n.news.naver.com/mnews/article/123/0002367240?sid=101,2025-09-03,0,"선물환, NDF, 환율",NDF,"환율, 선물환, NDF",2025-09-04T11:45:58.274305
2025-09-03,NDF,"원·달러 환율, 3.61원 내린 1393.29원 출발 전망","◆…사진=클립아트코리아 제공키움증권은 3일 차액결제선물환(NDF) 1개월물이 1393.29원으로 3.61원 하락 출발할 것으로 전망했다.미 달러화는 미국 ISM제조업지수가 시장 예상보다 부진했음에도 불구하고 영국과 일본의 정치 불확실성으로 주요 통화가 약세를 보이면서 상승했다.미국의 8월 ISM제조업지수는 48.7로 전월(48.0)보다 개선됐으나 시장 예상치(49.0)는 밑돌았다. 여전히 기준선(50)을 하회하면서 제조업 경기 둔화 우려는 지속됐다.그러나 영국에서는 30년물 국채금리가 상승하면서 재정 건전성에 대한 우려가 커졌고 이에 따라 파운드화가 약세를 나타냈다. 또한 일본에서는 집권 여당인 자민당 간사장이 사임 의사를 밝히며 정치적 불확실성이 확대되자 엔화가 달러 대비 하락했다.김유미 키움증권 연구원은 ""원·달러 환율은 하락 출발할 것으로 예상하나 달러 반등 등을 고려할 때 추가 하락은 제한적일 전망""라고 설명했다.",https://n.news.naver.com/mnews/article/123/0002367240?sid=101,2025-09-03,0,"선물환, NDF, 환율",환율,"환율, 선물환, NDF",2025-09-04T11:46:00.465076
2025-09-03,통화선물,"키움증권, ‘국내선물옵션' 수수료 최대 90% 할인","11월 28일까지 신규 및 휴면 고객 대상신청 고객 2개월간 수수료 할인 적용◆…키움증권이 '국내선물옵션' 수수료를 최대 90% 할인하는 이벤트를 진행한다. [자료=키움증권]키움증권이 11월 28일까지 신규 및 휴면 고객을 대상으로 국내선물옵션 거래 수수료를 최대 90% 할인한다.신청 대상은 선물옵션 계좌를 최초 개설한 신규 고객이나 최근 6개월간 거래가 없었던 휴면 고객이다.이벤트 신청 고객에게는 2개월간 수수료 할인이 적용된다. 이에 따라 KOSPI200선물 기준 수수료율이 0.003%에서 0.00025104%로 약 90% 인하된다. 또한 적용기간 내 선물 400억 원 이상 또는 옵션 12억 원 이상 거래 시, 추가 2개월 연장이 가능해 최대 4개월간 혜택을 받을 수 있다. (비대면 계좌 기준)추가로 키움증권에서 국내선물옵션을 처음 거래하는 고객은 거래 조건 충족 시 현금 20만원을 지급받을 수 있다.할인 대상 종목은 지수선물옵션, 주식선물옵션, 통화선물 등이다. 6월 9일 이후 거래가 시작된 KRX 야간선물옵션도 포함된다.키움증권 관계자는 ""선물옵션은 투자자에게 전략적 선택의 폭을 넓혀주는 투자 수단""이라며 ""이번 이벤트는 수수료 할인과 키움증권의 편리한 트레이딩 시스템을 동시에 누릴 수 있는 좋은 기회가 될 것""이라고 말했다.",https://n.news.naver.com/mnews/article/123/0002367289?sid=101,2025-09-03,0,통화선물,,통화선물,2025-09-04T11:46:10.703814
2025-09-03,통화옵션,"키움증권, ‘국내선물옵션' 수수료 최대 90% 할인","11월 28일까지 신규 및 휴면 고객 대상신청 고객 2개월간 수수료 할인 적용◆…키움증권이 '국내선물옵션' 수수료를 최대 90% 할인하는 이벤트를 진행한다. [자료=키움증권]키움증권이 11월 28일까지 신규 및 휴면 고객을 대상으로 국내선물옵션 거래 수수료를 최대 90% 할인한다.신청 대상은 선물옵션 계좌를 최초 개설한 신규 고객이나 최근 6개월간 거래가 없었던 휴면 고객이다.이벤트 신청 고객에게는 2개월간 수수료 할인이 적용된다. 이에 따라 KOSPI200선물 기준 수수료율이 0.003%에서 0.00025104%로 약 90% 인하된다. 또한 적용기간 내 선물 400억 원 이상 또는 옵션 12억 원 이상 거래 시, 추가 2개월 연장이 가능해 최대 4개월간 혜택을 받을 수 있다. (비대면 계좌 기준)추가로 키움증권에서 국내선물옵션을 처음 거래하는 고객은 거래 조건 충족 시 현금 20만원을 지급받을 수 있다.할인 대상 종목은 지수선물옵션, 주식선물옵션, 통화선물 등이다. 6월 9일 이후 거래가 시작된 KRX 야간선물옵션도 포함된다.키움증권 관계자는 ""선물옵션은 투자자에게 전략적 선택의 폭을 넓혀주는 투자 수단""이라며 ""이번 이벤트는 수수료 할인과 키움증권의 편리한 트레이딩 시스템을 동시에 누릴 수 있는 좋은 기회가 될 것""이라고 말했다.",https://n.news.naver.com/mnews/article/123/0002367289?sid=101,2025-09-03,0,통화선물,,통화선물,2025-09-04T11:46:16.136011
2025-09-03,통화옵션,"키움증권, 국내선물옵션 수수료 최대 90% 할인","11월 28일까지 신규 및 휴면 고객 대상신청 고객 2개월간 수수료 할인 적용◆…키움증권이 '국내선물옵션' 수수료를 최대 90% 할인하는 이벤트를 진행한다. [자료=키움증권]키움증권이 11월 28일까지 신규 및 휴면 고객을 대상으로 국내선물옵션 거래 수수료를 최대 90% 할인한다.신청 대상은 선물옵션 계좌를 최초 개설한 신규 고객이나 최근 6개월간 거래가 없었던 휴면 고객이다.이벤트 신청 고객에게는 2개월간 수수료 할인이 적용된다. 이에 따라 KOSPI200선물 기준 수수료율이 0.003%에서 0.00025104%로 약 90% 인하된다. 또한 적용기간 내 선물 400억 원 이상 또는 옵션 12억 원 이상 거래 시, 추가 2개월 연장이 가능해 최대 4개월간 혜택을 받을 수 있다. (비대면 계좌 기준)추가로 키움증권에서 국내선물옵션을 처음 거래하는 고객은 거래 조건 충족 시 현금 20만원을 지급받을 수 있다.할인 대상 종목은 지수선물옵션, 주식선물옵션, 통화선물 등이다. 6월 9일 이후 거래가 시작된 KRX 야간선물옵션도 포함된다.키움증권 관계자는 ""선물옵션은 투자자에게 전략적 선택의 폭을 넓혀주는 투자 수단""이라며 ""이번 이벤트는 수수료 할인과 키움증권의 편리한 트레이딩 시스템을 동시에 누릴 수 있는 좋은 기회가 될 것""이라고 말했다.",https://n.news.naver.com/mnews/article/123/0002367289?sid=101,2025-09-03,0,통화선물,,통화선물,2025-09-04T11:46:18.369449
2025-09-03,스왑,"[크립토 한컷] 판테라·아발란체·트러스트스왑, '오늘의 주인공'","'상법 개정 이슈 부각' 에 우회 조달 늘어날 것으로 전망[파이낸셜뉴스] 재무제표에 보이지 않는 비차입금 부채성 조달이 점점 늘어나고 있다는 금융공법이 늘어나고 있다는 지적이 나왔다. 상법 개정에 따른 주주 간 형평성 이슈가 부각되면서 유상증자나 계열사에 대한 직접적인 자금지원이 어려워질 경우, 이러한 조달 방식의 활용이 더욱 빈번해질 것이란 전망이다.■ 차입금으로 인식되지 않는 조달... '착시효과' 주의3일 나이스신용평가에 따르면 PRS 거래, 구매카드 및 당좌수표 유동화, 조세채권 유동화, 재무적 투자자로부터 유치한 자본성 자금 등 비차입금 부채성 조달 등 비차입금 부채성 조달이 점점 늘어나고 있다.김가영 나신평 연구원은 ""비차입금 부채성 조달이란 재무제표상 부채 혹은 차입금으로 인식되지 않는 형태의 조달거래를 말한다""면서 비차입금 부채성 조달은 '차입금'과 '기타채무, 부외부채, 자본 등 타 항목'과의 중간적 양면성을 띠고 있다고 설명했다.회계상으로는 기타채무, 파생상품, 부외부채, 나아가 상환의무가 없는 자본금이지만, △만기가 존재하며 △만기 시점에 자금을 상환하거나 차환해야 할 가능성이 높고 △실질적으로 수익률 보장 조건이나 손실 보전과 연계된 조건이 존재하는 경우도 많기 때문에 경제적 관점에서는 차입과 유사한 성격도 동시에 지닌다.■ 대기업 지분증권 기초자산 스왑 PRS 거래...지분증권 가치 하락 여부 관건가령 PRS(주가수익스왑)은 TRS(토탈리턴스왑)의 일종으로 지분증권을 기초자산으로 하는 스왑 거래를 의미한다. 일정 기간이 경과한 후 기초자산의 시가와 사전에 설정한 기준가격 간 차이를 현금으로 정산하는 구조다. 통상적으로 스왑 매도자의 기업이 지분증권(자회사의 주식 등)을 기초자산으로 하여 재무적 투자자(스왑 매수자)와 체결하여 주가 상승시 기업이 차익을 받고 하락 시 손실분을 보전하는 구조로 설계된다.나이스신용평가 제공.최근 일반적인 PRS 거래에서는 주가변동위험만 기업(매도자)에게 잔존하고 의결권, 배당권 등 법적 권리는 모두 재무적 투자자에게 이전되며 명시적 재매입 선택권을 포함하지 않거나 기초자산 처분 권한을 투자자가 보호하도록 설계함으로써 진성매각으로 분류된다.진성매각으로 분류된 PRS 거래는 차입금으로 계상되지 않고 정산예정금액만 기업(매도자)의 파생상품자산 또는 파생상품부채로 재무제표에 반영되며 관련 약정 내용과 규모가 주석사항으로 기재된다.일부 사례의 경우 진성 매각으로 인정되었기 때문에 매각 규모도 주석사항에 기재되지 않는다.김 연구원은 ""궁극적으로 기업(스왑 매도자)에 미치는 재무적 부담 수준은 기초자산인 지분증권의 가치에 달려있다""면서 이에 따라 대상회사(자회사)의 실적이 PRS 정산 및 차환 관련 불확실성 등을 통해 기업(스왑 매도자)의 신용도에 영향을 미칠 수 있기 때문에 지속적인 모니터링이 필요하다""고 강조했다.나이스신용평가 제공.PRS를 이용한 조달에는 최근 SK이노베이션, SK, 한화솔루션, 롯데지주, 롯데케미칼, 신세계 및 이마트 등 SK, 롯데그룹 계열사가 도드라졌다. SK이노베이션은 지난달 SK온의 지분을 기초자산으로 삼아 PRS 거래에 나섰다. 같은 달 SK 역시 SK이노베이션의 지분을 기초자산으로 삼았다.롯데지주는 지난 6월 롯데글로벌로지스 지분 17.7%를 기초자산으로, 롯데케미칼은 지난 3월 PT LOTTE Chemical indonesia 지분 25%를 기초자산으로 삼아 PRS 거래에 나섰다.■구매카드·당좌수표·조세채권 유동화 .....리파이낸싱 부담 모니터링또 김 연구원은 구매카드 유동화 등을 늘린 기업들에 대한 모니터링이 필요하다고 강조했다. 김 연구원은 ""구매카드, 당좌수표, 조세채권 유동화의 경우 회계상 부채로 계상됨에 따라 부채비율, 자기자본비율 등 재무구조 재표에는 영향이 없다""면서도 ""다만, 차입금이 아닌 기타금융부채로 분류됨에 따라 총차입금, 순차입금 기반 지표에는 변화가 발생하게 된다""고 지적했다.이어 ""관련 방식 조달 규모의 증간에 따른 시계열 분석이나 구매카드, 당좌수표, 조세채권 유동화 등을 활용하지 않는 동종업계의 기업과의 차입금",https://n.news.naver.com/mnews/article/014/0005400665?sid=101,2025-09-03,0,스왑,스왑,스왑,2025-09-04T11:46:24.070186
2025-09-03,스왑,'PRS·구매카드 유동화' 비차입금 부채성 조달 급증 ...'착시효과 주의보...,"'상법 개정 이슈 부각' 에 우회 조달 늘어날 것으로 전망[파이낸셜뉴스] 재무제표에 보이지 않는 비차입금 부채성 조달이 점점 늘어나고 있다는 금융공법이 늘어나고 있다는 지적이 나왔다. 상법 개정에 따른 주주 간 형평성 이슈가 부각되면서 유상증자나 계열사에 대한 직접적인 자금지원이 어려워질 경우, 이러한 조달 방식의 활용이 더욱 빈번해질 것이란 전망이다.■ 차입금으로 인식되지 않는 조달... '착시효과' 주의3일 나이스신용평가에 따르면 PRS 거래, 구매카드 및 당좌수표 유동화, 조세채권 유동화, 재무적 투자자로부터 유치한 자본성 자금 등 비차입금 부채성 조달 등 비차입금 부채성 조달이 점점 늘어나고 있다.김가영 나신평 연구원은 ""비차입금 부채성 조달이란 재무제표상 부채 혹은 차입금으로 인식되지 않는 형태의 조달거래를 말한다""면서 비차입금 부채성 조달은 '차입금'과 '기타채무, 부외부채, 자본 등 타 항목'과의 중간적 양면성을 띠고 있다고 설명했다.회계상으로는 기타채무, 파생상품, 부외부채, 나아가 상환의무가 없는 자본금이지만, △만기가 존재하며 △만기 시점에 자금을 상환하거나 차환해야 할 가능성이 높고 △실질적으로 수익률 보장 조건이나 손실 보전과 연계된 조건이 존재하는 경우도 많기 때문에 경제적 관점에서는 차입과 유사한 성격도 동시에 지닌다.■ 대기업 지분증권 기초자산 스왑 PRS 거래...지분증권 가치 하락 여부 관건가령 PRS(주가수익스왑)은 TRS(토탈리턴스왑)의 일종으로 지분증권을 기초자산으로 하는 스왑 거래를 의미한다. 일정 기간이 경과한 후 기초자산의 시가와 사전에 설정한 기준가격 간 차이를 현금으로 정산하는 구조다. 통상적으로 스왑 매도자의 기업이 지분증권(자회사의 주식 등)을 기초자산으로 하여 재무적 투자자(스왑 매수자)와 체결하여 주가 상승시 기업이 차익을 받고 하락 시 손실분을 보전하는 구조로 설계된다.나이스신용평가 제공.최근 일반적인 PRS 거래에서는 주가변동위험만 기업(매도자)에게 잔존하고 의결권, 배당권 등 법적 권리는 모두 재무적 투자자에게 이전되며 명시적 재매입 선택권을 포함하지 않거나 기초자산 처분 권한을 투자자가 보호하도록 설계함으로써 진성매각으로 분류된다.진성매각으로 분류된 PRS 거래는 차입금으로 계상되지 않고 정산예정금액만 기업(매도자)의 파생상품자산 또는 파생상품부채로 재무제표에 반영되며 관련 약정 내용과 규모가 주석사항으로 기재된다.일부 사례의 경우 진성 매각으로 인정되었기 때문에 매각 규모도 주석사항에 기재되지 않는다.김 연구원은 ""궁극적으로 기업(스왑 매도자)에 미치는 재무적 부담 수준은 기초자산인 지분증권의 가치에 달려있다""면서 이에 따라 대상회사(자회사)의 실적이 PRS 정산 및 차환 관련 불확실성 등을 통해 기업(스왑 매도자)의 신용도에 영향을 미칠 수 있기 때문에 지속적인 모니터링이 필요하다""고 강조했다.나이스신용평가 제공.PRS를 이용한 조달에는 최근 SK이노베이션, SK, 한화솔루션, 롯데지주, 롯데케미칼, 신세계 및 이마트 등 SK, 롯데그룹 계열사가 도드라졌다. SK이노베이션은 지난달 SK온의 지분을 기초자산으로 삼아 PRS 거래에 나섰다. 같은 달 SK 역시 SK이노베이션의 지분을 기초자산으로 삼았다.롯데지주는 지난 6월 롯데글로벌로지스 지분 17.7%를 기초자산으로, 롯데케미칼은 지난 3월 PT LOTTE Chemical indonesia 지분 25%를 기초자산으로 삼아 PRS 거래에 나섰다.■구매카드·당좌수표·조세채권 유동화 .....리파이낸싱 부담 모니터링또 김 연구원은 구매카드 유동화 등을 늘린 기업들에 대한 모니터링이 필요하다고 강조했다. 김 연구원은 ""구매카드, 당좌수표, 조세채권 유동화의 경우 회계상 부채로 계상됨에 따라 부채비율, 자기자본비율 등 재무구조 재표에는 영향이 없다""면서도 ""다만, 차입금이 아닌 기타금융부채로 분류됨에 따라 총차입금, 순차입금 기반 지표에는 변화가 발생하게 된다""고 지적했다.이어 ""관련 방식 조달 규모의 증간에 따른 시계열 분석이나 구매카드, 당좌수표, 조세채권 유동화 등을 활용하지 않는 동종업계의 기업과의 차입금",https://n.news.naver.com/mnews/article/014/0005400665?sid=101,2025-09-03,0,스왑,,스왑,2025-09-04T11:46:26.277152
2025-09-03,스왑,"KB뱅크 인도네시아, 7000억 루피아 부실채권 정리…경영 정상화 속도","'상법 개정 이슈 부각' 에 우회 조달 늘어날 것으로 전망[파이낸셜뉴스] 재무제표에 보이지 않는 비차입금 부채성 조달이 점점 늘어나고 있다는 금융공법이 늘어나고 있다는 지적이 나왔다. 상법 개정에 따른 주주 간 형평성 이슈가 부각되면서 유상증자나 계열사에 대한 직접적인 자금지원이 어려워질 경우, 이러한 조달 방식의 활용이 더욱 빈번해질 것이란 전망이다.■ 차입금으로 인식되지 않는 조달... '착시효과' 주의3일 나이스신용평가에 따르면 PRS 거래, 구매카드 및 당좌수표 유동화, 조세채권 유동화, 재무적 투자자로부터 유치한 자본성 자금 등 비차입금 부채성 조달 등 비차입금 부채성 조달이 점점 늘어나고 있다.김가영 나신평 연구원은 ""비차입금 부채성 조달이란 재무제표상 부채 혹은 차입금으로 인식되지 않는 형태의 조달거래를 말한다""면서 비차입금 부채성 조달은 '차입금'과 '기타채무, 부외부채, 자본 등 타 항목'과의 중간적 양면성을 띠고 있다고 설명했다.회계상으로는 기타채무, 파생상품, 부외부채, 나아가 상환의무가 없는 자본금이지만, △만기가 존재하며 △만기 시점에 자금을 상환하거나 차환해야 할 가능성이 높고 △실질적으로 수익률 보장 조건이나 손실 보전과 연계된 조건이 존재하는 경우도 많기 때문에 경제적 관점에서는 차입과 유사한 성격도 동시에 지닌다.■ 대기업 지분증권 기초자산 스왑 PRS 거래...지분증권 가치 하락 여부 관건가령 PRS(주가수익스왑)은 TRS(토탈리턴스왑)의 일종으로 지분증권을 기초자산으로 하는 스왑 거래를 의미한다. 일정 기간이 경과한 후 기초자산의 시가와 사전에 설정한 기준가격 간 차이를 현금으로 정산하는 구조다. 통상적으로 스왑 매도자의 기업이 지분증권(자회사의 주식 등)을 기초자산으로 하여 재무적 투자자(스왑 매수자)와 체결하여 주가 상승시 기업이 차익을 받고 하락 시 손실분을 보전하는 구조로 설계된다.나이스신용평가 제공.최근 일반적인 PRS 거래에서는 주가변동위험만 기업(매도자)에게 잔존하고 의결권, 배당권 등 법적 권리는 모두 재무적 투자자에게 이전되며 명시적 재매입 선택권을 포함하지 않거나 기초자산 처분 권한을 투자자가 보호하도록 설계함으로써 진성매각으로 분류된다.진성매각으로 분류된 PRS 거래는 차입금으로 계상되지 않고 정산예정금액만 기업(매도자)의 파생상품자산 또는 파생상품부채로 재무제표에 반영되며 관련 약정 내용과 규모가 주석사항으로 기재된다.일부 사례의 경우 진성 매각으로 인정되었기 때문에 매각 규모도 주석사항에 기재되지 않는다.김 연구원은 ""궁극적으로 기업(스왑 매도자)에 미치는 재무적 부담 수준은 기초자산인 지분증권의 가치에 달려있다""면서 이에 따라 대상회사(자회사)의 실적이 PRS 정산 및 차환 관련 불확실성 등을 통해 기업(스왑 매도자)의 신용도에 영향을 미칠 수 있기 때문에 지속적인 모니터링이 필요하다""고 강조했다.나이스신용평가 제공.PRS를 이용한 조달에는 최근 SK이노베이션, SK, 한화솔루션, 롯데지주, 롯데케미칼, 신세계 및 이마트 등 SK, 롯데그룹 계열사가 도드라졌다. SK이노베이션은 지난달 SK온의 지분을 기초자산으로 삼아 PRS 거래에 나섰다. 같은 달 SK 역시 SK이노베이션의 지분을 기초자산으로 삼았다.롯데지주는 지난 6월 롯데글로벌로지스 지분 17.7%를 기초자산으로, 롯데케미칼은 지난 3월 PT LOTTE Chemical indonesia 지분 25%를 기초자산으로 삼아 PRS 거래에 나섰다.■구매카드·당좌수표·조세채권 유동화 .....리파이낸싱 부담 모니터링또 김 연구원은 구매카드 유동화 등을 늘린 기업들에 대한 모니터링이 필요하다고 강조했다. 김 연구원은 ""구매카드, 당좌수표, 조세채권 유동화의 경우 회계상 부채로 계상됨에 따라 부채비율, 자기자본비율 등 재무구조 재표에는 영향이 없다""면서도 ""다만, 차입금이 아닌 기타금융부채로 분류됨에 따라 총차입금, 순차입금 기반 지표에는 변화가 발생하게 된다""고 지적했다.이어 ""관련 방식 조달 규모의 증간에 따른 시계열 분석이나 구매카드, 당좌수표, 조세채권 유동화 등을 활용하지 않는 동종업계의 기업과의 차입금",https://n.news.naver.com/mnews/article/014/0005400665?sid=101,2025-09-03,0,스왑,,스왑,2025-09-04T11:46:28.446538
2025-09-03,헤지,"'헤지펀드 대부' 달리오, 트럼프 직격…""1930년대식 독재”","[레이 달리오 브리지워터 어소시에이츠 설립자 (로이터=연합뉴스 자료사진)]세계 최대 헤지펀드 '브리지워터 어소시에이츠' 설립자인 레이 달리오가 도널드 트럼프 대통령이 이끄는 미국이 1930년대식 독재 정치로 빠져들고 있다고 비난한 것으로 전해졌습니다.  그는 또 투자자들이 트럼프 대통령을 무서워해 침묵하고 있다고도 지적했습니다.파이낸셜타임스(FT)는 현지시간 1일 달리오가 자사와 인터뷰에서 ""지금 정치적, 사회적 현상은 1930~1940년대 세계에서 있었던 현상과 유사하다""고 말했다 전했습니다.달리오는 트럼프 행정부의 인텔 지분 취득 같은 민간에 대한 국가의 개입은 ""금융과 경제 상황을 통제하려는 욕구에서 뿜어져 나온 강력한 독재적 리더십의"" 일종이라고 비판했습니다.그는 ""나는 단지 현재 상황을 주도하는 인과관계를 설명하는 것일 뿐""이라고 말한 뒤 ""그리고 그런 시기에선 보복당할까 무서워서 대부분의 사람이 침묵한다""고 덧붙였습니다.FT는 달리오가 트럼프 대통령의 모델을 독재적이라거나 사회주의적이라고 부르진 않았지만 ""정부들이 중앙은행들과 기업들의 활동에 점점 더 통제한다""고 직설적으로 말했다고 전했습니다.트럼프 행정부의 인텔 지분 취득, 엔비디아의 중국 수출에 대한 수수료 부과와 관련한 물음에 달리오는 자신이 만든 ""빅 사이클"" 개념을 지칭하면서 커다란 갈등과 위험의 시기에는 각국의 지도자들이 시장과 경제를 더욱 통제하려고 한다고 답했습니다.그는 ""전통적으로 볼 때 부의 격차와 가치관 격차의 확대는 우파의 포퓰리즘, 좌파의 포퓰리즘, 민주적 절차를 통해선 해결될 수 없는 좌우 간 차이로 이어진다""며 ""정부 지도자들이 시스템을 통제해 자신들에게 유리하게 해주기를 인구의 대다수가 원하면서 민주주의는 약화하고 더 독재적인 리더십이 증가한다""고 말했습니다.달리오는 미국 중앙은행인 연방준비제도(Fed·연준)의 독립성 훼손에 대해서도 날 선 비판을 내놨습니다.그는 정치적 압력에 약화한 중앙은행이 금리를 낮추면 ""연준이 통화 가치를 지킨다는 신뢰를 훼손하고, 달러 표시 부채 자산을 보유하는 매력을 떨어뜨릴 것이다. 이는 우리가 아는 통화 질서를 약화할 것""이라고 지적했습니다.그러면서 국제 투자자들이 미국 국채에서 금으로 투자를 돌리기 시작했다고 덧붙였습니다.당신의 제보가 뉴스로 만들어집니다.SBS Biz는 여러분의 제보를 기다리고 있습니다.홈페이지 = https://url.kr/9pghjn",https://n.news.naver.com/mnews/article/374/0000460912?sid=104,2025-09-03,0,헤지,헤지,헤지,2025-09-04T11:46:34.012515
2025-09-03,헤지,"추락하는 英 경제에 채권 금리 '껑충'…""中 위안화 ‘포치’ 끝나나"" 달...","英 30년 국채금리 5.64%로 급등···1988년 이후 최고 수준 근접中 위안화 7.1위안선 돌파···트럼프發 ‘포치’ 해소 기대감 확산美 금·은 사상최고가 경신···연준 금리인하 기대로 안전자산 쏠림[서울경제]▲ AI 프리즘* 맞춤형 경제 브리핑* 편집자 주:‘AI PRISM’(Personalized Report & Insight Summarizing Media)은 한국언론진흥재단의 지원을 받아 개발한‘인공지능(AI) 기반 맞춤형 뉴스 추천 및 요약 서비스’입니다. 독자 유형별 맞춤 뉴스 6개를 선별해 제공합니다.위안화 7.1위안 돌파에 슈퍼리치 가상자산 러시 [AI PRISM x D•LOG][주요 이슈 브리핑]■ 영국 채권시장 급변과 글로벌 금리 재편 가속화: 영국 30년 국채 금리가 5.641%까지 치솟으며 1988년 이후 최고 수준에 근접했고 10년물도 4.754%로 2022년 시장 혼란기를 넘어섰다. 글로벌 투자자들은 영국 채권의 상대적 취약성을 고려해 선진국 채권 포트폴리오 재편 검토가 필요하며 파운드화 투자 시 환헤지 전략 강화가 중요한 시점이다.■ 중국 위안화 강세 전환과 아시아 통화 투자 기회 부각: 중국 위안화가 달러당 7.1352위안을 기록하며 올해 2.3% 상승했고 인민은행의 사흘 연속 기준환율 절상으로 '포치' 해소 전망이 커지고 있다. 글로벌 투자자들은 향후 6개월 내 위안화 강세 수혜 가능성을 고려해 중국 자산과 아시아 통화 투자 기회를 재평가하고 달러 집중도 분산 전략을 검토할 시점이다.■ 안전자산 슈퍼사이클과 포트폴리오 보호 전략 강화: 금 현물가격이 온스당 3,508달러로 사상최고가를 경신했고 은도 40.8달러까지 올라가며 연준 금리인하 확률 89.6%와 트럼프 정치 리스크가 안전자산 랠리를 견인하고 있다. 글로벌 투자자들은 중기적으로 안전자산을 통한 인플레이션과 정치적 리스크에 대비한 방어 포지션 강화가 필요한 상황이다.[글로벌 투자자 관심 뉴스]1. 고물가에 구멍난 정부 재정…추락하는 英 경제에 채권 금리 껑충- 핵심 요약: 최근 영국에서 고물가로 인해 중앙은행의 금리 인하 여력이 제한된 상황에서 막대한 재정 적자까지 겹치며 국채 가격을 끌어내렸다는 분석이 나온다. 마켓워치에 따르면 영국 30년 국채 금리는 1일(현지 시간) 전 거래일 대비 3.6bp(1bp=0.01%포인트) 오른 5.641%를 기록했다. 10년물 금리도 전 거래일보다 3bp 상승한 4.754%를 나타냈다. 채권 금리 상승은 곧 채권 가격 하락을 의미한다. 월스트리트저널(WSJ)은 “30년물 금리가 1988년(5.66%) 이후 최고 수준에 근접했고 10년물은 2022년 채권시장 혼란 시기를 웃돌고 있다”고 분석했다. 2022년 당시 리즈 트러스 총리는 무리한 감새 정책을 추진하며 국채 금리가 급등하고 파운드화가 폭학하는 ‘쇼크 장세’를 촉발한 바 있다. 금리 급등 배경에는 인플레이션 우려가 주된 원인으로 미국과 유로존(유로화 사용 20개국)의 월간 소비자물가 상승률이 약 2%에 머무는 반면 영국은 4%에 육박한다.2. 中 위안화 ‘포치’ 끝나나…달러당 7.1위안 근접- 핵심 요약: 중국 위안화가 달러당 7.1위안 선에서 오르내리며 지난해 11월 미국 대선 이후 가장 높은 수준을 보이고 있다. 중국 중앙은행인 인민은행이 위안화 기준 환율을 대폭 절상하는 등 강력한 정책 의지를 드러낸 것에 더해 중국 증시 호황으로 해외 자금이 유입된 것이 크게 영향을 미친 것으로 보인다. 1일(현지 시간) 파이낸셜타임스(FT) 등에 따르면 중국 역외 위안화는 이날 달러당 7.1352에 마감해 올 들어 2.3% 올랐다. 미중 관세전쟁 여파로 4월까지 약세를 면치 못하던 위안화는 관세 휴전 합의 이후 강세로 돌아섰다. 전문가들은 1년 가까이 이어진 ‘포치’(破七·달러당 위안화가 7위안을 넘기는 현상)가 조만간 해소될 수 있다는 관측을 내놓고 있다.3. 박스피에 지친 국내 슈퍼리치, 美가상자산 관련주로 눈 돌렸다- 핵심 요약: 국내 증시가 두 달 가까이 박스권에 갇히자 금융자산 30억 원 이상의 초고액 자산가들은 가상자산 관련 주식을 ",https://n.news.naver.com/mnews/article/011/0004528528?sid=101,2025-09-03,0,"헤지, 환율",,"환율, 헤지",2025-09-04T11:46:36.240284
2025-09-03,헤지,신고가 랠리 올라탄 金…비트코인도 덩달아 오르나,"금값 사상 첫 3600달러 돌파비트코인과 상관관계 주목인플레 헤지 수단으로 꼽혀'美ETF' 기관 자금도 순유입글로벌 증시 불안 등의 여파로 대표적 안전자산인 금 가격이 들썩이고 있다. 금값이 오르면서 금과 함께 대체 투자처로 꼽히는 비트코인(BTC) 가격도 상승할 수 있다는 전망이 나온다.2일(현지시간) 시카고파생상품거래소그룹(CME) 산하 금속선물거래소 코멕스(COMEX)에 따르면 금 선물 가격은 이날 장중 한때 온스당 3600달러를 돌파했다. 금 가격이 온스당 3600달러를 넘어선 것은 이번이 처음이다. 지난 1일에 이어 불과 하루만에 사상 최고치를 다시 갈아치운 셈이다.이른바 '트럼프 리스크'에 따른 시장 불확실성이 금값을 끌어올린 주된 요인으로 지목된다. 도널드 트럼프 미국 대통령이 최근 리사 쿡 미 연방준비제도(Fed) 이사를 해임하는 등 연준에 대한 압박 수위를 높이자 미 증시 불안이 커졌다. 크리스틴 라가르드 유럽중앙은행(ECB) 총재는 트럼프 대통령의 '연준 흔들기'를 두고 ""미국 경제의 안정성에 미칠 영향이 매우 우려된다""고 지적했다.시장의 관심은 금과 비트코인 가격의 '커플링(동조화)' 여부에 쏠린다. 비트코인은 '디지털 금'으로 불린 만큼 금과 높은 상관관계를 보여왔다. 지난 4월 금이 사상 처음 3500달러를 넘어선 뒤 1~2개월 후 비트코인 가격이 본격적으로 오른 것이 대표적 사례다. 2020년 금값이 처음 온스당 2000달러를 뚫었을 때도 비트코인 가격은 뒤따라 상승세를 보였다. 미 가상자산 전문매체 코인텔레그래프는 ""금 가격이 오르면 더 큰 수익을 추구하는 투자 자금이 위험자산인 비트코인으로 이동하는 경우가 많다""고 분석했다.최근 2년간 금 및 비트코인(BTC) 가격 추이. 사진 제공=매트릭스포트최근 미국과 유럽연합(EU)을 중심으로 불거진 주요국의 재정 불안도 호재로 작용할 수 있다는 분석이다. 법정화폐에 대한 불안이 커질 때마다 안전자산에 몰렸던 자금이 인플레이션 헤지(hedge) 수단으로 떠오른 비트코인으로 분산될 가능성이 높기 때문이다.세계 최대 헤지펀드 '브리지워터 어소시에이츠' 설립자인 레이 달리오는 이날 엑스(X)를 통해 ""기축통화국의 심각한 부채 상황은 달러가 가진 기축통화와 부의 저장수단으로서의 매력을 위협한다""며 ""달러 공급량이 늘거나 수요가 줄어들 경우 (비트코인 등) 암호화폐는 매력적인 '대체통화(Alternative Currency)'가 될 가능성이 크다""고 밝혔다.비트코인이 금에 비해 저평가돼 있다는 분석도 같은 맥락에서 나온다. 글로벌 투자은행 JP모건은 최근 보고서에서 ""현재 비트코인 가격 변동성은 금의 2배 수준으로 역대 가장 낮은 수준""이라며 ""변동성을 감안하면 비트코인 시가총액은 지금보다 약 13% 높아져야 한다""고 분석했다. 가상자산 분석업체 매트릭스포트도 ""금 투자 기회는 비트코인과 연결돼 있다""며 ""비트코인은 아직 조정 국면에 있지만 장기 전망은 여전히 확고한 강세""라고 했다.기관 자금 유입세도 이같은 전망에 힘을 싣는다. 소소밸류에 따르면 이날 미국 비트코인 현물 상장지수펀드(ETF)는 3억3300만달러(약 4600억원)가 순유입됐다. 1거래일만의 순유입 전환이다. 매트릭스포트는 ""유동성이 제한적인 상황에서도 금값이 급등했다""며 ""투자자들은 금과 비트코인에 동시에 분산 투자하고 있다""라고 설명했다.<블록체인·가상자산(코인) 투자 정보 플랫폼(앱)'블루밍비트'에서 더 많은 소식을 받아보실 수 있습니다>",https://n.news.naver.com/mnews/article/015/0005179895?sid=101,2025-09-03,0,헤지,,헤지,2025-09-04T11:46:38.456880
2025-09-03,외환,韓 외환보유액 4163억 달러…세계 10위,"서울 중구 하나은행 위변조센터에서 직원이 미국 달러를 정리하는 모습.[사진 연합뉴스][이코노미스트 이병희 기자] 지난달 기준 우리나라의 외환보유액은 4100억달러를 넘어 세계 10위 수준인 것으로 조사됐다.한국은행은 3일 ‘2025년 8월 말 외환보유액’을 발표하며 이같이 밝혔다. 한은에 따르면 지난달 말 기준 외환보유액은 4162억9000만달러로 한달만에 약 50억 달러가 증가했다. 8월에는 미국 달러화 가치가 2.0% 떨어지면서 기타 통화 외화자산의 미 달러 환산액에 증가했고 미국 증시 호조세에 운용 수익도 증가했다.외환보유액 대부분을 차지하는 미국 국채 및 정부 기관채, 회사채 등 유가증권은 3661억6000만 달러로 11억 달러 증가했다. 예치금은 37억5000만 달러 증가한 250억 달러를 기록했다.SDR(특별인출권)은 157억8000만 달러로 전월(157억1000만 달러)보다 8000만 달러 증가했다. IMF포지션은 45억4000만 달러로 전월(45억2000만 달러)보다 2000만 달러 증가했다. 금은 47억9000만 달러로 7월과 같았다.우리나라의 외환보유액은 7월 말 기준 4113억 달러로 10위를 기록했는데, 지난달에도 이 순위가 유지됐다. 우리나라는 지난 3월 독일과 홍콩에 밀려 2000년 관련 순위 집계 이후 처음으로 9위에서 10위로 한 단계 밀려났다.7월 기준 1위는 중국으로 3조2922억 달러, 2위인 일본은 1조3044억 달러를 기록했다. 스위스는 1조52억 달러, 인도는 6901억 달러로 각각 3, 4위에 이름을 올렸다. 5위는 러시아는로 6815억 달러, 대만은 5979억 달러로 6위에 랭크됐다. 이 밖에 독일(4571억 달러), 사우디아라비아(4439억 달러), 홍콩(4254억 달러)위 6~9위를 차지했다.",https://n.news.naver.com/mnews/article/243/0000084103?sid=101,2025-09-03,0,외환,외환,외환,2025-09-04T11:46:44.230218
2025-09-03,외환,"尹 ""계엄 참여 군인들 위해 매일 기도…탄압 멈추길""","법률대리인단 송진호 변호사와 2일 접견[서울=뉴시스] 김선웅 기자 = 윤석열 전 대통령이 9일 서울 서초구 서울중앙지법에서 열린 직권남용 등 혐의 영장실질심사(구속 전 피의자 심문)를 마친 뒤 대기 장소인 서울구치소로 이동하기 위해 법원을 나서고 있다. 12·3 비상계엄 사태의 '정점'으로 조은석 특별검사가 이끄는 내란 특검팀에 구속영장이 청구된 윤 전 대통령은 지난 1월 18일 내란우두머리 등 혐의 영장실질심사를 받은 지 172일 만에 재구속 기로에 서게 됐다. 2025.07.09. mangusta@newsis.com[서울=뉴시스]이태성 기자 = 윤석열 전 대통령이 자신의 비상계엄 선포로 인해 수사와 재판을 받게 된 군인들에 대해 탄압을 멈춰달라고 옥중 메시지를 냈다.3일 윤 전 대통령 법률대리인단에 따르면 대리인단 소속 송진호 변호사는 전날 윤 전 대통령과의 변호인 접견에서 이 같은 발언을 전달받았다고 한다.윤 전 대통령은 접견에서 ""더 이상 군인들과 군에 대한 탄압을 멈추길 (바란다)""라며 ""모든 책임은 군 통수권자였던 내게 묻고, 군에 대한 수사와 재판을 멈추고 기소된 군인들에 대해선 공소 취소하길 (바란다)""고 말했다.윤 전 대통령은 이어 ""계엄에 참여했던 군인과 그 가족들을 위해 매일 기도하고 있다""는 사실도 송 변호사에게 전달했다.윤 전 대통령은 현재 내란 우두머리 등 혐의로 재판을 받고 있다. 내란 특검팀(특별검사 조은석)에 의해 재구속 된 이후에는 수사 및 재판에 모두 불응하고 있다.김용현 전 국방부 장관, 조지호 경찰청장을 비롯해 12·3 비상계엄에 직접 가담한 군경 수뇌부도 내란 중요임무종사 등 혐의로 기소돼 재판을 받고 있다.관련 수사를 이어받은 특검은 내란 이외에 북한 도발을 유도해 계엄의 명분을 만들려 했다는 외환 혐의와 관련해서도 군에 대한 수사를 이어가고 있다．",https://n.news.naver.com/mnews/article/003/0013457649?sid=102,2025-09-03,0,외환,,외환,2025-09-04T11:46:46.451779
2025-09-03,외환,"내란 특검, 원천희 국방정보본부장 소환…내란‧외환 조사",원천희 국방정보본부장이 30일 서울 여의도 국회에서 열린 정보위원회의 국방정보본부 국정감사에 출석해 있다. 뉴스1내란 특검팀(특별검사 조은석)은 3일 오전 원천희 국방정보본부장(중장‧육사47기)을 소환했다. 비상계엄 기획부터 이른바 ‘몽골 공작’ 의혹까지 내란·외환 전반을 조사할 예정이다.특검팀은 지난해 11월 말쯤 정보사령부 요원들이 몽골에서 북한대사관과 접촉하려다가 현지에서 체포됐다는 이른바 몽골 공작 의혹을 수사 중이다. 비상계엄 선포를 불과 10여 일 앞두고 북한과 접촉을 시도한 게 도발을 유도하는 등 북한과 통모하려는 목적이었는지를 조사하고 있다. 특검팀은 몽골 공작의 실체를 입증하면 ‘외국·외국인과의 통모’를 전제한 외환유치죄 적용이 가능하다고 보고있다.노상원 전 정보사령관의 수첩에서 “NLL(북방한계선)에서 북의 공격을 유도” “오물 풍선” 등 북풍 공작을 암시하는 메모가 발견되면서 비상계엄 사전 작업으로 몽골 공작을 시도한 게 아니냐는 의혹이 커졌다.또 원 전 본부장은 비상계엄 전날인 지난해 12월 2일 문상호 전 정보사령관이 김용현 전 국방장관과 대면보고할 때 배석했다고 한다. 해당 자리에서 비상계엄을 논의했다는 의혹이 불거졌다.아울러 계엄 명분 목적 ‘북풍몰이’ 관련 외환 의혹 전반도 조사 대상이다. 국방정보본부는 국방부 장관 직속 부서로 국내 모든 군 정보기관을 총괄한다. 특검팀은 원 전 본부장을 상대로 지난해 10~11월 진행된 ‘평양 무인기 침투 작전’ 배경 및 경위 등을 확인할 것으로 보인다.앞서 특검팀은 지난달 7일 합참 정보본부를 압수수색했다. ‘무인기 평양 작전’ 등과 관련해 임의제출 형태로 관련 자료를 건네받은 것으로 전해졌다.,https://n.news.naver.com/mnews/article/025/0003466403?sid=102,2025-09-03,0,외환,외환,외환,2025-09-04T11:46:48.645938
2025-09-03,달러인덱스,"3일 원/달러 환율, 전날 대비 1.3원 상승","[달러 (연합뉴스 자료사진)]달러-원 환율이 달러 강세에 소폭 상승했습니다.오늘(3일) 서울 외환시장에서 미국 달러화 대비 원화 환율의 주간 거래 종가(오후 3시30분 기준)는 전일보다 1.3원 오른 1392.3원입니다.환율은 전날보다 4.2원 상승한 1395.2원으로 출발한 뒤 장 초반 1396.4원까지 올랐다가 점차 오름 폭을 줄였습니다.달러는 오늘 강세를 나타냈습니다. 주요 6개국 통화 대비 달러 가치를 나타내는 달러인덱스는 전일보다 0.57% 오른 98.391입니다.영국, 프랑스 등 유럽 재정 건전성 우려와 일본 정치적 불확실성 확대 여파에 위험회피 심리가 고조된 것으로 해석됩니다.당신의 제보가 뉴스로 만들어집니다.SBS Biz는 여러분의 제보를 기다리고 있습니다.홈페이지 = https://url.kr/9pghjn",https://n.news.naver.com/mnews/article/374/0000461084?sid=101,2025-09-03,0,"환율, 외환, 달러인덱스",환율,"환율, 외환, 달러인덱스",2025-09-04T11:47:14.661269
2025-09-03,달러인덱스,8월 외환보유액 4163억달러…'달러 약세' 속 석달째 증가,"한 달 새 49.5억달러 증가달러 약세에 기타통화 환산액 늘어韓 외환보유액 세계 10위 유지[이데일리 이정윤 기자] 지난달 우리나라의 외환보유액이 50억달러 가량 늘어나면서 석 달 연속 증가세를 이어갔다. 달러 약세로 인해 다른 나라의 통화가치가 커진 영향이다.사진=AFP3일 한국은행이 발표한 ‘2025년 8월말 외환보유액’에 따르면 지난달 외환보유액 잔액은 전월 말에 비해 49억 5000만달러 증가한 4162억 9000만달러로 집계됐다. 지난 6월 증가 전환한 후 세 달 연속 상승했다.주요국 통화 대비 미국 달러 가치를 나타내는 달러인덱스는 8월 말 기준 97.81로, 전월말(99.82) 대비 약 2.0% 하락했다. 반면 기타 통화의 경우 유로화(2.2%), 파운드화(1.9%), 엔화(1.6%), 호주달러화(1.3%) 모두 달러 대비 상승했다.한은 관계자는 “달러화 약세에 따른 기타통화 외화자산의 달러 환산액이 증가했고, 운용수익도 증가하면서 외환보유액이 늘었다”고 설명했다. 달러 가치가 떨어지면서 다른 나라 돈으로 가진 자산을 달러로 환산한 금액이 늘어난 것이다.외환보유액은 중앙은행 또는 정부가 국제수지 불균형이나 외환시장이 불안정할 경우 사용할 수 있는 대외지급준비자산이다. 긴급 상황에 대응하기 위한 국가 차원의 외화 비상금으로, 소위 ‘경제 안전판’이라고도 불린다. 한국과 같은 비(非) 기축통화국에서는 외환보유액이 국가의 지급 능력을 평가하는 지표로 사용된다.외환보유액 중 가장 비중(88%)이 큰 미국 국채, 정부 기관채, 회사채 등을 포함한 유가증권은 3661억 6000만 달러로 전월(3650억 6000만달러)보다 11억달러 증가했다. 예치금은 250억달러로 7월(212억 5000만달러)보다 6억달러 늘었다. 특별인출권(SDR)은 157억 8000만달러로 전월(157억 1000만달러)대비 8000만달러 증가했다.국제통화기금(IMF) 포지션은 45억 4000만달러로 2000만달러 늘었고, 금은 47억 9000만달러로 종전과 같았다.주요국과의 순위를 비교할 수 있는 우리나라의 외환보유액은 지난 7월말 기준 4113억달러로 세계 10위를 차지했다. 2023년 8월 이후 올해 2월까지 9위를 유지하다가 지난 3월부터 한 단계 떨어진 10위를 유지하고 있다.중국은 252억달러 감소한 3조 2922억달러로 1위를 차지했다. 일본과 스위스는 각각 93억달러, 139억달러 줄어든 1억 3044만달러, 1억 52만달러로 2위와 3위를 기록했다. 인도(6901억달러), 러시아(6815억달러), 대만(5979억달러), 독일(4571억달러), 사우디아라비아(4439억달러), 홍콩(4254억달러)이 뒤를 이었다.사진=한국은행",https://n.news.naver.com/mnews/article/018/0006105433?sid=101,2025-09-03,0,"달러인덱스, 외환",외환,"외환, 달러인덱스",2025-09-04T11:47:16.921478
2025-09-03,달러인덱스,"8월 외환보유액, 弱달러 속 한달새 45.9억달러 '쑥'","[달러 (연합뉴스 자료사진)]달러-원 환율이 달러 강세에 소폭 상승했습니다.오늘(3일) 서울 외환시장에서 미국 달러화 대비 원화 환율의 주간 거래 종가(오후 3시30분 기준)는 전일보다 1.3원 오른 1392.3원입니다.환율은 전날보다 4.2원 상승한 1395.2원으로 출발한 뒤 장 초반 1396.4원까지 올랐다가 점차 오름 폭을 줄였습니다.달러는 오늘 강세를 나타냈습니다. 주요 6개국 통화 대비 달러 가치를 나타내는 달러인덱스는 전일보다 0.57% 오른 98.391입니다.영국, 프랑스 등 유럽 재정 건전성 우려와 일본 정치적 불확실성 확대 여파에 위험회피 심리가 고조된 것으로 해석됩니다.당신의 제보가 뉴스로 만들어집니다.SBS Biz는 여러분의 제보를 기다리고 있습니다.홈페이지 = https://url.kr/9pghjn",https://n.news.naver.com/mnews/article/374/0000461084?sid=101,2025-09-03,0,"환율, 외환, 달러인덱스",외환,"환율, 외환, 달러인덱스",2025-09-04T11:47:19.155765
2025-09-03,헤지 프리미엄,"알리페이, 카카오페이 지분 정리 속도?… 6300억 규모 EB 발행에 주가 뚝","카카오페이 2대주주 알리페이, 지분 8.6% 담보로 EB 발행오버행 우려에 주가 뚝…“2대 주주의 반복적 지분 출하, 주가 부담”카카오페이가 9월 3일부터 같은 달 30일까지 2025년 세 번째 ‘오래오래 함께가게’ 팝업스토어를 서울 성수동 토로토로 성수점에서 운영한다고 밝혔다. /카카오페이 제공카카오페이의 2대 주주인 중국 핀테크업체 알리페이가 보유 지분을 교환 대상으로 6300억원 규모의 교환사채(EB)를 발행하기로 했다. 지난 7월 2800억원 규모의 EB를 발행한 데 이어 두 번째다.상당한 지분이 EB 발행에 활용된다는 소식에 카카오페이 주가는 급락하고 있다. EB 발행 이후 주식이 시장에 풀리면 오버행 우려가 커질 수밖에 없다.3일 알리페이는 카카오페이 주식 8.62%(1164만8791주)를 교환 대상으로 하는 해외 EB를 10월 2일 발행한다고 공시했다. 교환가액은 1주당 5만4014원으로, 전날 종가보다 6.5% 할인된 가격이다. 교환 청구기간은 11월 12일~12월 19일, 만기일은 12월 29일로 초단기 사채다.알리페이는 삼성증권에 해당 주식을 모두 대여했는데, 이 주식은 모두 골드만삭스로 넘어간다. 골드만삭스는 확보한 주식을 시장에 공매도해 주가 하락 시 차익을 실현하거나, 교환권 행사에 대비해 주식을 미리 확보함으로써 리스크를 헤지(위험회피)할 수 있다. 골드만삭스는 교환사채 발행에 따른 프리미엄 이익도 얻고, 알리페이는 필요한 자금을 얻을 수 있는 것이다.알리페이는 지난 7월에도 같은 계약 구조로 483만681주 규모의 EB를 발행한 바 있다. 해당 EB의 만기일은 11월 27일로, 이번 계약은 지난 계약의 연장선으로 해석된다. 가격은 당시 주가 대비 약 12% 할인된 1주당 5만9100원이었다.알리페이는 최근 카카오페이의 지분 매각에 속도를 내고 있다. 앞서 알리페이는 2022년 6월 카카오페이 지분 3.8%, 지난해 3월 2.2%를 시간 외 대량 매매로 처분했다. 하지만 올해 들어선 교환사채로 자금 조달 수단을 바꾼 모습이다.향후 채권자가 교환사채를 모두 카카오페이 주식으로 교환한다 해도 알리페이는 2대주주 지위를 유지할 수 있다. 알리페이의 지분율은 현재 31.9%로, 7월·10월 EB가 전부 교환될 경우 지분이 19%대로 낮아진다. 다만 골드만삭스는 기존 보유 주식까지 합쳐 약 15% 수준이라 알리페이 지분보다는 적다.이번 대주주의 대규모 EB 발행으로 오버행(잠재적 매도 물량) 부담이 커졌다는 분석도 제기된다. 카카오페이 주가는 스테이블코인 사업 기대감에 지난 6월 말 9만3800원까지 올랐지만, 전날 5만7800원으로 38% 하락했다. 이날 역시 투자 심리가 악화하며 오전 11시 기준 전 거래일 대비 10% 급락한 5만2000원에 거래되고 있다.임희연 신한투자증권 연구위원은 “2대주주의 반복적인 지분 출하는 향후 주가 반등 국면에서 리레이팅(재평가) 속도를 둔화시키는 요인”이라고 말했다. 신한투자증권은 카카오페이에 대해 지난 7월 투자 의견을 ‘중립’으로 하향 조정했다.",https://n.news.naver.com/mnews/article/366/0001105033?sid=101,2025-09-03,0,헤지,,헤지,2025-09-04T11:47:32.260894
2025-09-03,헤지 프리미엄,"박준석 와우글로벌 파트너 “중국 주식, 구조부터 이해해야 한다” [TV ...","거래소별 구조와 규칙, 시장 차이점 부각A주·H주·ADR, 자금 흐름에 따른 투자 전략외국인·헤지펀드 자금, 중국 증시로 유입3일(수) 방송된 한국경제TV ‘와우넷 스페셜’에 출연한 박준석 전문가(와우글로벌 파트너)는 “중국 투자는 단순히 종목 선정이 아니라, 시장 구조부터 이해해야 한다”며 거래소 제도와 상장 방식, 투자자들이 직면하는 문제를 짚고, 구조적 이해의 필요성을 강조했다.“중국 거래소, 규칙부터 다르다”박 파트너는 중국 주식시장을 구성하는 대표적 거래소로 상해·심천·홍콩 거래소를 소개하며 각각의 특성을 설명했다. 상해 거래소는 국영 대형주 중심, 심천 거래소는 테크 및 민간 기업 중심, 홍콩 거래소는 외국인 참여도가 높은 시장이라는 점에서 구분된다. 또한 알리바바, 바이두, 니오 등 주요 빅테크 기업들은 미국 증시에 ADR 형태로 상장돼 있어 투자자의 선택 폭을 넓히고 있다.그는 “중국 거래소는 오전·오후로 장이 나뉘고, 점심시간에 거래가 중단되는 독특한 운영 구조를 갖고 있다”며 “거래 단위가 100주 이상으로 설정돼 초기 자금 부담이 크고, 과창판은 가격 제한폭이 ±20%까지 확대되는 등 글로벌 주요 시장과는 다른 규칙이 많다”고 설명했다. 이어 “당일 매수한 종목은 당일 매도가 불가능한 T+1 제도가 적용되므로, 단기 매매 중심 투자자라면 반드시 유의해야 한다”고 덧붙였다.“A주·H주, 동일 기업이라도 다른 시장”그는 같은 기업이라도 A주와 H주에 동시에 상장될 수 있다는 점을 강조했다. 대표 사례로 ▲항서제약을 언급하며 “상해에 상장된 항서제약(600276)은 100주 단위로 거래되지만, 홍콩에 상장된 항서제약(01276)은 200주 단위 거래가 적용된다”며 “이처럼 동일한 기업이라도 거래 규칙과 프리미엄 차이가 있기 때문에 투자자가 반드시 확인해야 한다”고 설명했다. 이어 “A주는 평균적으로 H주보다 높은 가격을 형성하는 경우가 많으며, 이는 국9조 정책 이후 상해종합지수가 크게 상승하면서 본토 시장이 홍콩보다 더 활성화됐기 때문”이라고 말했다. 그는 “이 같은 흐름 속에서 A주 거래가 H주보다 활발하게 이뤄지고 있다”고 덧붙였다.“남향·북향 자금, 시장 흐름 좌우한다”중국 내외 자금 흐름을 가늠하는 지표인 ‘남향자금’과 ‘북향자금’도 설명했다. 그는 “남향자금은 본토에서 홍콩으로 이동하는 자금, 북향자금은 홍콩에서 본토로 유입되는 자금을 뜻한다”며 “최근에는 본토 자금이 홍콩 빅테크 종목으로 유입되는 흐름이 뚜렷하다”고 진단했다. 이어 “AI와 플랫폼 기업들이 홍콩에 집중 상장돼 있는 만큼 투자자들은 홍콩 거래소에 주목할 필요가 있다”고 강조했다.“ADR, 접근성 높지만 구조적 한계”박 파트너는 미국 증시에 상장된 ADR의 특성도 짚었다. “ADR은 중국 기업이 자금을 조달하고 글로벌 인지도를 높이기 위한 방식이지만, 실제 주식을 보유하는 것이 아니라 예탁증서를 거래하는 형태라 관리 수수료가 발생한다”며 “달러로 쉽게 접근할 수 있는 장점이 있지만, 본토와 홍콩 시장과는 또 다른 특성을 가진다”고 설명했다.“투자 세력 변화와 개인·기관의 비중”투자 세력별 구조에 대한 분석도 이어졌다. 박 파트너는 “A주는 개인 투자자 비중이 70% 이상으로, 테마주 중심의 단기 매매가 많다”며 “H주는 개인 비중이 약 28%, 기관 비중은 20% 수준이고, 외국인 비중이 41% 이상으로 상대적으로 높다”고 설명했다. 그는 또 “중국 정부가 예금 대신 주식 투자를 장려하면서 자산운용사 실적이 크게 늘었고, 개인 투자자 참여도 확대되고 있다”고 덧붙였다. 실제 8월 기준 ‘중학개미’의 중국 주식 투자 규모는 4.7조 원으로 전년 대비 30% 증가했다.“美 헤지펀드, 9월 이후 순매수 최대치”마지막으로 그는 글로벌 자금 유입 흐름을 짚었다. “골드만삭스, JP모건 등 주요 증권사들이 중국 매수를 확대하는 가운데, 미국 헤지펀드의 순매수 규모가 2024년 9월 이후 최대치를 기록했다”며 “코로나와 헝다 사태 이후 위축됐던 외국인 자금이 다시 돌아오고 있다”고 분석했다. 이어 “중국 시장은 여전히 저평가돼 있으며, ",https://n.news.naver.com/mnews/article/215/0001222431?sid=101,2025-09-03,0,헤지,,헤지,2025-09-04T11:47:34.651877
2025-09-03,헤지 프리미엄,"[마켓칼럼] 팩터 투자(Factor Investing)의 꽃, 모멘텀","※한경 마켓PRO 텔레그램을 구독하시면 프리미엄 투자 콘텐츠를 보다 편리하게 볼 수 있습니다. 텔레그램에서‘마켓PRO’를 검색하면 가입할 수 있습니다.이상훈 삼성증권 채널솔루션전략팀 수석오늘은 ‘팩터(Factors)’에 대해 이야기해 보고자 합니다. 주식의 수익률과 변동성을 해석할 수 있는 중요한 특성들을 팩터라 부릅니다. 그리고 팩터 기반 투자(Factor Investing)는 장기적으로 시장 대비 초과 성과를 낼 수 있는 팩터에 자산을 배분하여 알파를 창출하는 운용 방식입니다.대표적인 다섯 가지 팩터는 (1) 과거 시점 대비 성과가 우수한 주식에 투자하는 모멘텀(Momentum) (2) 변동성이 낮은 주식에 투자하는 저변동성(Low-Volatility 혹은 Minimum-Volatility) (3) 재무 건전성이 우량한 종목에 투자하는 퀄리티(Quality) (4) 중·소형주에 투자하는 사이즈(Size) (5) 저평가된 주식에 투자하는 가치(Value) 팩터입니다.오늘은 이 중 대표적으로 익숙한 팩터 중 하나인 모멘텀에 대해 간략히 다뤄보겠습니다. 모멘텀 투자의 기본원리는 다음과 같이 아주 단순합니다. 과거에 오르고 있었던 자산은 그 추세를 유지하는 경향이 있습니다.이러한 추세 유지의 경향은 1993년에 발표된 Jegadeesh & Titman의 논문 “이익 종목을 매수하고 손실 종목을 매도: 주식시장 효율성에 대한 영향 (Return to buying winners and selling losers: Implications for stock market efficiency)”에서 학문적으로 입증됩니다. 이 논문에서는 최근 3~12개월 동안 수익률이 높은 주식이 하락하거나 덜 오른 주식보다 성과가 월등히 좋다고 주장합니다. 이후 모멘텀의 효과는 외환, 원자재, 채권 등 다양한 자산군으로 확대되어 실증 논문과 행태론의 형태로 연구되어 왔습니다.모멘텀 투자전략은 크게 세 가지로 분류됩니다. 절대적인 가격 기준으로 가격이 상승 추세일 때 사고 하락 추세일 때 파는 전략이 절대 모멘텀 또는 추세 추종(Trend following) 전략입니다. 이 전략은 주가 하락 시에 투자 비중을 줄이기 때문에 최대손실폭(MDD)이 제한된다는 장점이 있습니다.상대 모멘텀 전략은 시장의 추세와는 상관없이 투자 비중을 일정하게 유지하되 상대적으로 더 많이 오른 종목을 사고, 하락하거나 덜 오른 종목을 파는 전략입니다. 횡단면(Cross-sectional) 모멘텀이라고도 부릅니다. 마지막으로 절대 모멘텀과 상대 모멘텀을 결합한 듀얼 모멘텀(Dual momentum) 전략은 주가 상승 시에는 상대적으로 더 많이 오른 종목들을 사고, 주가 하락 시에는 투자 비중을 줄입니다. 두 전략의 장점을 살려 상승장에서 상대 수익률을 높이면서도 하락장에서 최대손실폭을 제한하기 위해 만들어진 전략입니다.최근에는 모멘텀 전략을 단독으로 적용하기 보다는 2~3가지 전략들을 결합해 효과를 높이려는 시도가 눈에 띕니다. 대표적으로는 글로벌 헤지펀드 AQR의 공동설립자 애스니스(Asness)가 애정하는 가치&모멘텀 전략이 있습니다. 상대적으로 싼 종목을 매수하는 가치(Value) 전략은 특성상 모멘텀 전략과 상관관계가 매우 낮기 때문에 두 전략을 결합했을 때 상호보완효과가 있어 많이 사용됩니다.사실 모멘텀 투자전략은 싼 가격에 사서 비싸게 팔고 싶은 투자자의 본능과 상충합니다. 현재 자산이 충분히 많이 올라와 있는 상황에서 더 비싼 가격에 매수하고, 하락한 자산을 매도하여 손실을 확정 짓기 때문에 심리적으로 실행하기 어려운 특성들을 내재하고 있습니다. 그렇다면 이러한 심리적 특성을 거슬러 모멘텀 투자전략으로 쉽게 투자하는 방법은 무엇일까요? MSCI 등 여러 사업자가 선진, 신흥시장 같은 시장별, 헬스케어, IT 같은 산업별로 다양한 모멘텀 지수를 제공합니다. 이 지수를 추종하는 스마트 베타(Smart beta) ETF들에 간접적으로 투자하는 것이 가장 쉬운 방법일 것 같습니다.모멘텀 전략은 시장의 크고 작은 급락과 V자 반등이 반복되는 구간에서 가장 부진합니다. ",https://n.news.naver.com/mnews/article/015/0005179392?sid=101,2025-09-03,0,"헤지, 외환",,"헤지, 외환",2025-09-04T11:47:37.099880
2025-09-03,달러예금,환율 하락에 달러예금 ‘기회’…5대 은행 한 달 새 54억달러 ↑,"환율 1370원대 하락에 저가 매수 몰린 영향기업·개인 실수요에 은행권 외화예금 경쟁 가열은행의 달러예금 잔액이 큰 폭으로 늘었다. 원·달러 환율이 1370원대로 내려오자 기업과 개인의 '저가 매수'가 몰렸고, 수입결제와 해외투자 같은 실수요까지 더해지면서 외화예금이 단기 투자처로 부상한 것이다. 최근 은행들이 금리를 연 4% 이상으로 높이고 환전 서비스를 강화한 점도 수요 확대를 이끌었다.3일 금융권에 따르면 5대 시중은행(KB국민·신한·하나·우리·NH농협은행) 달러예금 잔액은 7월 592억달러에서 8월 646억달러로 늘었다. 한 달 새 7조5천억원이 넘는 자금이 추가로 유입된 셈이다.외화예금은 환율이 오를 때는 환차익 실현으로 빠져나가고, 환율이 내릴 때는 저가 매수 수요가 몰리면서 잔액이 불어나는 특성을 가진다. 이번 증가 역시 8월 초·중순 환율이 1370원대까지 떨어진 뒤 다시 1400원을 넘나드는 과정에서 나타난 단기 자금 이동으로 풀이된다.지난달 원·달러 환율은 미국 고용지표 부진과 연준의 금리 인하 기대, 파월 의장의 잭슨홀 발언 등 대내외 요인이 겹치며 큰 폭의 변동성을 보였다. 초반에는 고용 부진으로 달러 약세가 이어지며 환율이 1370원대까지 내려갔다. 그러나 후반 들어 글로벌 물가 불안이 부각되고 연준의 긴축 우려가 다시 살아나면서 환율이 장중 1400원을 돌파하는 등 20원 이상 출렁였다. 이런 과정에서 환율 저점을 노린 달러 매수세가 크게 늘어난 것이다.민경원 우리은행 이코노미스트는 ""위험자산 선호 심리가 회복되고 역외 시장에서 달러 매도 포지션이 늘면서 원·달러 환율은 1390원 초반에서 제한적 하락세를 보이고 있다""며 ""다만 수입업체 결제와 거주자의 해외주식 투자 수요는 환율과 무관하게 꾸준해 환율 하단을 떠받치는 요인으로 작용하고 있다. 최근 몇 년 사이 해외투자 수요가 빠르게 커지면서 달러예금은 단순한 환율 대응 수단을 넘어 개인과 기업 모두의 상시적 투자 수단으로 자리잡는 추세""라고 강조했다.외화예금 수요가 커지자 은행권도 경쟁에 나섰다. 주요 시중은행들은 연 4% 이상 금리를 제공하는 달러예금 상품을 잇따라 출시하고, 통장 이자를 자동으로 달러로 환전해주는 서비스까지 내놓으며 고객 확보에 힘을 쏟고 있다.농협은행은 지난 1일부터 다음달 31일까지 신규 가입 고객에게 포인트와 숙박권을 제공하는 '외화통장 DAY 1' 이벤트를 진행 중이다. 신한은행도 다음달 31일까지 해외주식 투자 고객을 위한 'Value-up 글로벌주식 외화예금'에 환율 우대와 수수료 감면 혜택을 제공하고 있다.하나은행은 은행 통장으로 직접 해외주식을 매매할 수 있는 전용 통장을 선보였고, KB국민은행은 키움증권과 손잡고 외화 현찰지급 서비스를 마련했다. 우리은행은 여행 특화 상품인 '위비트래블 외화예금&체크카드'를 출시해 외화예금과 결제를 연계한 패키지 서비스를 제공하고 있다.금융권 관계자는 ""환율이 낮아졌다고 판단하는 개인 고객들이 달러를 매수한 영향""이라며 ""저가 매수 심리와 기업의 결제 수요가 겹치면서 잔액 증가세가 이어지고 있고, 은행들도 이에 발맞춰 소비자들이 원하는 상품을 잇따라 내놓고 있는 것""이라고 말했다.유진아 기자 gnyu4@dt.co.kr[연합뉴스]",https://n.news.naver.com/mnews/article/029/0002979980?sid=101,2025-09-03,0,"달러예금, 환율","환율, 달러예금","환율, 달러예금",2025-09-04T11:47:42.677338
2025-09-03,달러예금,"[달러 전쟁]②신한은행, 환율 100% 우대 앞세운 외화예금 성장","환율 1370원대 하락에 저가 매수 몰린 영향기업·개인 실수요에 은행권 외화예금 경쟁 가열은행의 달러예금 잔액이 큰 폭으로 늘었다. 원·달러 환율이 1370원대로 내려오자 기업과 개인의 '저가 매수'가 몰렸고, 수입결제와 해외투자 같은 실수요까지 더해지면서 외화예금이 단기 투자처로 부상한 것이다. 최근 은행들이 금리를 연 4% 이상으로 높이고 환전 서비스를 강화한 점도 수요 확대를 이끌었다.3일 금융권에 따르면 5대 시중은행(KB국민·신한·하나·우리·NH농협은행) 달러예금 잔액은 7월 592억달러에서 8월 646억달러로 늘었다. 한 달 새 7조5천억원이 넘는 자금이 추가로 유입된 셈이다.외화예금은 환율이 오를 때는 환차익 실현으로 빠져나가고, 환율이 내릴 때는 저가 매수 수요가 몰리면서 잔액이 불어나는 특성을 가진다. 이번 증가 역시 8월 초·중순 환율이 1370원대까지 떨어진 뒤 다시 1400원을 넘나드는 과정에서 나타난 단기 자금 이동으로 풀이된다.지난달 원·달러 환율은 미국 고용지표 부진과 연준의 금리 인하 기대, 파월 의장의 잭슨홀 발언 등 대내외 요인이 겹치며 큰 폭의 변동성을 보였다. 초반에는 고용 부진으로 달러 약세가 이어지며 환율이 1370원대까지 내려갔다. 그러나 후반 들어 글로벌 물가 불안이 부각되고 연준의 긴축 우려가 다시 살아나면서 환율이 장중 1400원을 돌파하는 등 20원 이상 출렁였다. 이런 과정에서 환율 저점을 노린 달러 매수세가 크게 늘어난 것이다.민경원 우리은행 이코노미스트는 ""위험자산 선호 심리가 회복되고 역외 시장에서 달러 매도 포지션이 늘면서 원·달러 환율은 1390원 초반에서 제한적 하락세를 보이고 있다""며 ""다만 수입업체 결제와 거주자의 해외주식 투자 수요는 환율과 무관하게 꾸준해 환율 하단을 떠받치는 요인으로 작용하고 있다. 최근 몇 년 사이 해외투자 수요가 빠르게 커지면서 달러예금은 단순한 환율 대응 수단을 넘어 개인과 기업 모두의 상시적 투자 수단으로 자리잡는 추세""라고 강조했다.외화예금 수요가 커지자 은행권도 경쟁에 나섰다. 주요 시중은행들은 연 4% 이상 금리를 제공하는 달러예금 상품을 잇따라 출시하고, 통장 이자를 자동으로 달러로 환전해주는 서비스까지 내놓으며 고객 확보에 힘을 쏟고 있다.농협은행은 지난 1일부터 다음달 31일까지 신규 가입 고객에게 포인트와 숙박권을 제공하는 '외화통장 DAY 1' 이벤트를 진행 중이다. 신한은행도 다음달 31일까지 해외주식 투자 고객을 위한 'Value-up 글로벌주식 외화예금'에 환율 우대와 수수료 감면 혜택을 제공하고 있다.하나은행은 은행 통장으로 직접 해외주식을 매매할 수 있는 전용 통장을 선보였고, KB국민은행은 키움증권과 손잡고 외화 현찰지급 서비스를 마련했다. 우리은행은 여행 특화 상품인 '위비트래블 외화예금&체크카드'를 출시해 외화예금과 결제를 연계한 패키지 서비스를 제공하고 있다.금융권 관계자는 ""환율이 낮아졌다고 판단하는 개인 고객들이 달러를 매수한 영향""이라며 ""저가 매수 심리와 기업의 결제 수요가 겹치면서 잔액 증가세가 이어지고 있고, 은행들도 이에 발맞춰 소비자들이 원하는 상품을 잇따라 내놓고 있는 것""이라고 말했다.유진아 기자 gnyu4@dt.co.kr[연합뉴스]",https://n.news.naver.com/mnews/article/029/0002979980?sid=101,2025-09-03,0,"달러예금, 환율",환율,"환율, 달러예금",2025-09-04T11:47:44.958273
2025-09-03,자본유출,미국환율 달러 엔화 등,"지역사회 기둥 된 BNK 경남은행창원시와 300억원 ‘동반성장대출’지난해에만 17개 혁신기업 발굴어린이 교통사고 예방 ‘안전우산’경남 180개 초교 7000명에 보급산불 피해 땐 자원봉사·금융지원본점 ‘공감글판’ 통해 시민 소통지역 예술가엔 갤러리 무료 대관경남 창원시에 자리잡은 BNK경남은행 본점.  BNK경남은행 제공지역은행의 역할이 달라지고 있다. 예금을 받고 대출을 내주는 금융 창구를 넘어 지역사회를 지탱하는 중요한 축으로 자리매김하고 있다. 자본의 역외 유출을 막아 주민·기업의 성장 동력을 만드는 일부터 교육·문화 발전까지 맡고 있다. 지역민 일상을 더욱 풍요롭게 만드는 ‘선순환’에 앞장서는 셈인데 BNK경남은행의 행보가 주목받는 이유다.김태한(오른쪽) BNK경남은행장이 지역 기업체를 찾아 동반 성장 방안을 논의하고 있다. BNK경남은행 제공● 지역 기업 동반 성장 전략 확대김태한 BNK경남은행장은 지난 3월 취임사에서 “BNK경남은행은 지역과 함께 존재해 왔고 앞으로도 함께 성장해야 한다”고 밝혔다. 그의 말처럼 BNK경남은행은 ‘지역과 함께 성장한다’는 가치를 실천하고자 다양한 행보를 이어 가고 있다.BNK경남은행은 지역기반산업들에 대한 협력의 폭을 넓혔다. 경남도·지역 관계기관과 함께 4월 ‘경남 주력산업 재도약 동반 성장 지원 협약’을 체결한 게 그 예다. 경남은행은 지역 기업 성장을 돕고자 금융 지원 기반을 한층 넓히며 산업 전반의 회복과 성장을 도모한다.상반기 경남지방중소벤처기업청과 ‘지역 중소기업 육성 공동사업 협약’을 체결한 것도 같은 이유다. 은행은 국외시장 개척을 위한 공동 마케팅 운영, 유망 기업 육성, 기술혁신 지원, 우수 기업 포상 등의 방식으로 자금 공급을 넘어 관련 생태계 발전을 돕는다.경남 창원시와 협력해 준비 중인 ‘창원시 동반성장대출’도 BNK경남은행의 방향성을 잘 보여 준다. 총 300억원 규모로 조성될 예정인 이 대출은 미국의 고율 관세로 자금 운용에 어려움을 겪는 지역 중소·제조기업을 지원한다. 기업당 최대 3억원을 지원하고 고금리 대출을 저금리로 전환할 수 있도록 설계해 지역 제조업체의 경영 안정을 도울 계획이다.BNK경남은행은 지역 스타트업 생태계 육성에도 공을 들인다. 은행이 주도하는 ‘체인지’(Chain-G) 프로그램은 지난해 1기를 통해 17개 혁신기업을 발굴, 362억원의 매출과 71억원의 신규 투자 유치를 끌어냈다. 올해는 2기 프로그램을 운영하며 멘토링, 기업설명회(IR) 컨설팅, 투자 연계까지 폭을 넓혔다. 5월 창원에서 열린 ‘체인지 투게더’ 행사에는 수도권 투자자와 지역 스타트업이 다수 참여해 활발한 네트워킹을 했다. 창업 초기 기업에 자금 지원만큼 중요한 게 투자자와의 연결이라는 점에서 BNK경남은행의 시도는 의미가 크다.●‘사회공헌·문화·예술 동반자’ 역할 강화BNK경남은행은 사회공헌활동을 또 하나의 중심축으로 삼는다. 여름철 더위가 기승을 부리자 전 영업점을 무더위 쉼터로 운영, 누구나 이용할 수 있게 했다. 경남 18개 시군 저소득층 5300가구에 선풍기를 지원해 소외된 이웃이 더위 속에서 고립되지 않도록 했다.지난달 21일에는 어린이 교통사고 예방을 목표로 안전우산 7000개를 경남도에 기탁했다. 안전우산은 출생아 수가 300명 이하인 거창·고성·남해·밀양·산청·의령·창녕·하동·함안·함양·합천 등 경남도 11개 시군 180개 초등학교 저학년(1~3학년) 어린이 약 7000명에게 무료로 지원된다.투명 소재로 제작된 이 우산은 아이들 시야 확보에 도움을 줘 사고 위험을 줄이는 효과가 있다. 학부모와 교사들은 “어린이 안전을 위해 꼭 필요한 지원”이라고 평가했다. 실제로 지난해 경남도 어린이 교통사고 건수는 446건(어린이 보행 교통사고 건수 156건)에 달했다. 이 중에는 초등학교 3학년 이하 저학년도 많았다.안전우산 전달식에서 BNK경남은행 관계자는 “비가 내리는 날 또는 어두운 밤에 어린이 교통사고 건수와 치사율이 높아진다는 통계는 어린 자녀를 둔 부모들에게 매우 염려되는 문제”라며 “BNK 어린이 안전우산이 아이들의 소중한 생명을 지켜 주",https://n.news.naver.com/mnews/article/081/0003571180?sid=102,2025-09-03,0,환율,환율,,2025-09-04T11:48:10.862992
2025-09-03,미국무역,'철강 관세 내려달라' 이강덕 포항시장 절박한 미국 외교 행보,"2일 코트라 북미지역본부 등 찾아 한국 철강산업 관세 완하 필요성 강조미 정부 파트너들과 미팅…근본적 국제협력 요청이강덕 시장 등 포항시 관계자들이 지난 2일 DGA group을 찾아 미국발 철강 고관세에 대한 해법 등을 논의하고 있다. 포항시 제공이강덕 포항시장이 미국 워싱턴 DC를 찾아 철강산업 보호와 지역기업 판로 확대를 위한 절박한 행보에 나서고 있다.현지시간으로 지난 2일 이 시장은 코트라(KOTRA) 북미지역본부와 글로벌 정책자문사 DGA Group을 잇달아 방문하며 한국 철강산업의 현실을 설명하고 관세 완화 필요성을 피력했다.포항시 관계자는 ""철강산업 위기 선제대응지역 지정과 'K-스틸법' 제정을 위한 노력에도 글로벌 통상환경 변화와 미국의 고율 관세라는 난제를 해결하기에 근본적 한계가 있어 국제 외교무대에 직접 목소리를 내며 새로운 돌파구를 모색하고 나선 것""이라고 설명했다.이 시장은 먼저 코트라 워싱턴 DC 무역관에서 이금하 북미지역본부장을 만나 ""한국 철강산업은 미국 시장에서 과도한 관세 장벽으로 어려움을 겪고 있다""며 ""코트라의 글로벌 네트워크와 전문성을 활용해 지역 우수기업들이 판로를 넓힐 수 있도록 적극 지원해 달라""고 요청했다.이날 포항시는 한국 철강 제품에 대한 관세 인하를 호소하는 공식 건의서를 전달하고 코트라로부터 미국 관세 동향에 대한 브리핑을 받았다.이금하 본부장은 ""코트라는 한국 기업의 이익을 위해 미국 정부·의회와 긴밀히 교류하고 있다""며 ""포항시와 전략적 협력으로 지역 우수기업의 무역 판로 확대를 위해 적극 협조하겠다""고 화답한 것으로 알려졌다.이어 DGA Group 본사를 찾은 이강덕 시장은 조지 W. 부시 행정부 시절 대통령 입법담당 보좌관을 지냈으며 한미 자유무역협정(FTA) 협상에 참여한 저스틴 맥카시(Justin McCarthy)·패트릭 케이시(Patrick Casey) 대정부 관계 담당 파트너와 면담을 가졌다.DGA Group은 트럼프 1기 행정부에서 공보 담당 대통령 특별보좌관을 지낸 니콜 프래지어(Nicole Frazier)와 1990년대 한·미 통상협상 당시 미국무역대표부(USTR) 대표를 역임한 칼라 힐스(Carla Hills), 그리고 서울에서 오랫동안 주한미국상공회의소장을 맡은 타미 오벌비(Tami Overby) 등 미국 통상·정책 네트워크 핵심 인사들이 활동하는 전략 컨설팅 회사다.이 자리에서 이 시장은 ""한국은 미국의 핵심 동맹국임에도 불구하고 철강산업 분야에서 동등한 대우를 받지 못하고 있다""며 ""포항은 한국 철강산업의 심장이자 한·미 경제협력의 상징 도시로서, 동맹국의 지위를 적극 반영해주기 바란다""고 강조했다.이에 맥카시 파트너는 ""한국은 미국 경제와 안보에 있어 필수적인 동반자이며, 한국 철강산업 역시 미국 성장과 고용에 기여해왔다""며 ""DGA Group의 네트워크를 활용해 정부와 의회를 대상으로 적극 설득하겠다""고 전했다.또 ""현재 철강에 부과한 고율 관세에 대해 가장 빠른 협의가 진행 중인 캐나다와 멕시코의 협상 과정도 참고하면 좋겠다""고 덧붙였다.케이시 파트너도 ""미국이 조선·철강산업의 부활을 위해 해당 산업 부문에 세계 최고 수준의 역량과 기술을 보유하고 있는 한국기업들의 투자와 협력을 기대하고 있다""며 ""포항시와 현실적인 해법을 함께 모색하겠다""고 했다.한편, 이강덕 시장은 지난 1일에 이어 2일에도 버지니아한인회와 국회의사당 앞에서 한국 철강업계의 입장을 알리는 현장 행보를 이어갔다.",https://n.news.naver.com/mnews/article/088/0000968066?sid=102,2025-09-03,0,미국무역,,미국무역,2025-09-04T11:48:16.532182
